-28 3.2053576644067796
-28 0.0
-28 0.008928572881355932
-28 0.07589286949152542
-26 0.013392859322033898
-24 0.03125000508474576
-25 0.09375001525423729
-25 0.0
-13 0.0
-28 0.0
-18 0.0
-25 0.0
-25 0.004464286440677966
-18 0.8526787101694915
-13 0.2857143322033898
-8 0.2857143322033898
-2 0.2857143322033898
-18 0.0
-1 0.5714286644067796
-18 0.2857143322033898
-28 0.5758929508474576
-28 0.044642864406779656
-28 0.022321432203389828
-28 0.0
-26 0.04910715084745763
-28 0.026785718644067796
-24 0.03125000508474576
-25 0.07589286949152542
-25 0.0
-25 0.03125000508474576
-18 0.0
-18 0.8571429966101695
-1 0.2857143322033898
6 0.2857143322033898
10 0.2857143322033898
-18 0.0
11 0.5714286644067796
-18 0.2857143322033898
-20 0.8571429966101695
-32 0.0
-23 0.0
-33 0.0
-8 0.0
-20 0.21428574915254237
-32 0.0
-23 0.0
-8 0.0
-11 0.21428574915254237
-31 0.0
-23 0.0
1 0.0
-13 0.21428574915254237
-23 0.0
-31 0.0
-1 0.0
-10 0.21428574915254237
-33 0.0
-23 0.0
2 0.0
-11 0.21428574915254237
-23 0.0
1 0.0
-11 0.21428574915254237
-31 0.0
-23 0.0
1 0.0
-13 0.10714287457627118
-1 0.0
-16 0.10714287457627118
-23 0.0
-4 0.0
-20 0.21428574915254237
-32 0.0
-23 0.0
-33 0.0
-8 0.0
-20 0.21428574915254237
-32 0.0
-23 0.0
-8 0.0
-11 0.21428574915254237
-23 0.0
-31 0.0
1 0.0
-13 0.21428574915254237
-31 0.0
-23 0.0
-1 0.0
-10 0.21428574915254237
-23 0.0
-33 0.0
2 0.0
-11 0.21428574915254237
-23 0.0
1 0.0
-11 0.21428574915254237
-23 0.0
-31 0.0
1 0.0
-13 0.10714287457627118
-1 0.0
-16 0.10714287457627118
-23 0.0
-4 0.0
-20 0.21428574915254237
-32 0.0
-23 0.0
-33 0.0
-8 0.0
-20 0.21428574915254237
-32 0.0
-23 0.0
-8 0.0
-11 0.21428574915254237
-23 0.0
-31 0.0
1 0.0
-13 0.21428574915254237
-23 0.0
-31 0.0
-1 0.0
-10 0.21428574915254237
-23 0.0
-33 0.0
2 0.0
-11 0.21428574915254237
-23 0.0
1 0.0
-11 0.21428574915254237
-23 0.0
-31 0.0
1 0.0
-13 0.10714287457627118
-1 0.0
-16 0.10714287457627118
-23 0.0
-4 0.0
-20 0.21428574915254237
-32 0.0
-23 0.0
-33 0.0
-8 0.0
-20 0.21428574915254237
-32 0.0
-23 0.0
-8 0.0
-11 0.21428574915254237
-31 0.0
-23 0.0
1 0.0
-13 0.21428574915254237
-23 0.0
-31 0.0
-1 0.0
-10 0.21428574915254237
-23 0.0
-33 0.0
2 0.0
-11 0.21428574915254237
-23 0.0
1 0.0
-11 0.21428574915254237
-31 0.0
-23 0.0
1 0.0
-13 0.10714287457627118
-1 0.0
-16 0.10714287457627118
-23 0.0
-4 0.0
11 0.19196431694915253
-20 0.022321432203389828
-32 0.0
4 0.0
11 0.0
8 0.0
-23 0.0
-33 0.0
-8 0.0
-20 0.21428574915254237
-32 0.0
-23 0.0
-8 0.0
-11 0.21428574915254237
-31 0.0
-23 0.0
1 0.0
-13 0.21428574915254237
-23 0.0
-31 0.0
-1 0.0
-10 0.21428574915254237
-23 0.0
-33 0.0
2 0.0
-11 0.21428574915254237
-23 0.0
1 0.0
-11 0.21428574915254237
-31 0.0
-23 0.0
1 0.0
8 0.013392859322033898
-13 0.09375001525423729
-1 0.0
-16 0.10714287457627118
-23 0.0
-4 0.0
9 0.1830357440677966
-20 0.03125000508474576
-32 0.0
9 0.0
2 0.0
6 0.0
-23 0.0
-33 0.0
-8 0.0
-20 0.21428574915254237
-32 0.0
-23 0.0
-8 0.0
-11 0.21428574915254237
-23 0.0
-31 0.0
1 0.0
-13 0.21428574915254237
-31 0.0
-23 0.0
-1 0.0
14 0.013392859322033898
-10 0.20089288983050846
-23 0.0
-33 0.0
2 0.0
-11 0.21428574915254237
-23 0.0
1 0.0
18 0.1964286033898305
-11 0.017857145762711864
-23 0.0
-31 0.0
1 0.0
-13 0.10714287457627118
-1 0.0
-16 0.10714287457627118
11 0.0
-23 0.0
-4 0.0
16 0.1830357440677966
-20 0.03125000508474576
-32 0.0
6 0.0
4 0.0
11 0.0
8 0.0
-33 0.0
-23 0.0
-8 0.0
-20 0.21428574915254237
-32 0.0
-23 0.0
-8 0.0
-11 0.21428574915254237
-23 0.0
-31 0.0
1 0.0
-13 0.21428574915254237
-23 0.0
-31 0.0
-1 0.0
-10 0.21428574915254237
-23 0.0
-33 0.0
2 0.0
-11 0.21428574915254237
-23 0.0
1 0.0
11 0.1696428847457627
-11 0.044642864406779656
-23 0.0
-31 0.0
1 0.0
-13 0.10714287457627118
-1 0.0
-16 0.10714287457627118
-23 0.0
-4 0.0
8 0.1964286033898305
-20 0.017857145762711864
-32 0.0
2 0.0
9 0.0
6 0.0
-33 0.0
-23 0.0
-8 0.0
-20 0.21428574915254237
-32 0.0
-23 0.0
-8 0.0
9 0.1964286033898305
-11 0.017857145762711864
-31 0.0
-23 0.0
1 0.0
-13 0.21428574915254237
-23 0.0
-31 0.0
-1 0.0
-10 0.21428574915254237
-23 0.0
-33 0.0
2 0.0
-11 0.21428574915254237
-23 0.0
1 0.0
-11 0.21428574915254237
-31 0.0
-23 0.0
1 0.0
-13 0.10714287457627118
-1 0.0
-16 0.10714287457627118
-23 0.0
-4 0.0
11 0.1830357440677966
-20 0.03125000508474576
-32 0.0
8 0.0
4 0.0
11 0.0
-33 0.0
-23 0.0
-8 0.0
-20 0.21428574915254237
-32 0.0
-23 0.0
-8 0.0
-11 0.21428574915254237
-31 0.0
-23 0.0
1 0.0
-13 0.21428574915254237
-23 0.0
-31 0.0
-1 0.0
-10 0.21428574915254237
-23 0.0
-33 0.0
2 0.0
-11 0.21428574915254237
-23 0.0
1 0.0
8 0.1964286033898305
-11 0.017857145762711864
-31 0.0
-23 0.0
1 0.0
-13 0.10714287457627118
-1 0.0
-16 0.10714287457627118
-23 0.0
-4 0.0
-20 0.21428574915254237
-32 0.0
9 0.0
2 0.0
6 0.0
-23 0.0
-33 0.0
-8 0.0
9 0.013392859322033898
-20 0.20089288983050846
-32 0.0
-23 0.0
-8 0.0
-11 0.21428574915254237
-23 0.0
-31 0.0
1 0.0
-13 0.21428574915254237
-31 0.0
-23 0.0
-1 0.0
14 0.017857145762711864
-10 0.1964286033898305
-23 0.0
-33 0.0
2 0.0
-11 0.21428574915254237
-23 0.0
1 0.0
18 0.17857145762711862
-11 0.03571429152542373
-23 0.0
-31 0.0
1 0.0
-13 0.10714287457627118
-1 0.0
-16 0.10714287457627118
-23 0.0
-4 0.0
20 0.19196431694915253
-20 0.022321432203389828
-32 0.0
4 0.0
8 0.0
11 0.0
-23 0.0
-33 0.0
-8 0.0
-20 0.21428574915254237
-32 0.0
-23 0.0
-8 0.0
-11 0.21428574915254237
-23 0.0
-31 0.0
1 0.0
-13 0.21428574915254237
-23 0.0
-31 0.0
-1 0.0
-10 0.21428574915254237
-23 0.0
-33 0.0
2 0.0
-11 0.21428574915254237
-23 0.0
1 0.0
-11 0.21428574915254237
-23 0.0
-31 0.0
1 0.0
16 0.004464286440677966
-13 0.10267858813559322
-1 0.0
-16 0.10714287457627118
-23 0.0
-4 0.0
-20 0.21428574915254237
-32 0.0
2 0.0
9 0.0
6 0.0
-33 0.0
-23 0.0
-8 0.0
17 0.017857145762711864
-20 0.1964286033898305
-32 0.0
-23 0.0
-8 0.0
-11 0.21428574915254237
18 0.0
-31 0.0
-23 0.0
1 0.0
-13 0.21428574915254237
-23 0.0
-31 0.0
-1 0.0
-10 0.21428574915254237
-23 0.0
-33 0.0
2 0.0
-11 0.21428574915254237
-23 0.0
1 0.0
-11 0.21428574915254237
-31 0.0
-23 0.0
1 0.0
-13 0.10714287457627118
-1 0.0
-16 0.10714287457627118
-23 0.0
-4 0.0
4 0.19196431694915253
4 0.0
8 0.0
-20 0.022321432203389828
-32 0.0
-33 0.0
-23 0.0
-8 0.0
-20 0.21428574915254237
-32 0.0
-23 0.0
-8 0.0
-11 0.21428574915254237
-31 0.0
-23 0.0
1 0.0
-13 0.21428574915254237
-23 0.0
-31 0.0
-1 0.0
-10 0.21428574915254237
-23 0.0
-33 0.0
2 0.0
-11 0.21428574915254237
-23 0.0
1 0.0
6 0.004464286440677966
6 0.0
-11 0.2098214627118644
-31 0.0
-23 0.0
1 0.0
-13 0.10714287457627118
-1 0.0
3 0.013392859322033898
3 0.0
-16 0.09375001525423729
-23 0.0
-4 0.0
4 0.17857145762711862
4 0.0
-20 0.03571429152542373
-32 0.0
-33 0.0
-23 0.0
-8 0.0
-20 0.21428574915254237
-32 0.0
-23 0.0
-8 0.0
6 0.05357143728813559
6 0.0
-11 0.16071431186440677
-23 0.0
-31 0.0
1 0.0
3 0.19196431694915253
3 0.0
-13 0.022321432203389828
-31 0.0
-23 0.0
-1 0.0
-10 0.21428574915254237
-23 0.0
-33 0.0
2 0.0
4 0.026785718644067796
4 0.0
-11 0.18750003050847458
-23 0.0
1 0.0
-11 0.21428574915254237
-23 0.0
-31 0.0
1 0.0
6 0.017857145762711864
6 0.0
-13 0.08928572881355931
-1 0.0
-16 0.10714287457627118
-23 0.0
-4 0.0
-20 0.21428574915254237
-32 0.0
-33 0.0
-23 0.0
-8 0.0
8 0.017857145762711864
8 0.0
-20 0.1964286033898305
-32 0.0
-23 0.0
-8 0.0
-11 0.21428574915254237
-23 0.0
-31 0.0
1 0.0
-13 0.21428574915254237
-23 0.0
-31 0.0
-1 0.0
-10 0.21428574915254237
-23 0.0
-33 0.0
2 0.0
-11 0.21428574915254237
-23 0.0
1 0.0
9 0.004464286440677966
9 0.0
-11 0.2098214627118644
-23 0.0
-31 0.0
1 0.0
-13 0.10714287457627118
-1 0.0
6 0.017857145762711864
6 0.0
-16 0.08928572881355931
-23 0.0
-4 0.0
8 0.16071431186440677
8 0.0
-20 0.05357143728813559
-32 0.0
-23 0.0
-33 0.0
-8 0.0
-20 0.21428574915254237
-32 0.0
-23 0.0
-8 0.0
9 0.04017857796610169
9 0.0
-11 0.17410717118644067
-31 0.0
-23 0.0
1 0.0
6 0.16071431186440677
6 0.0
-13 0.05357143728813559
-23 0.0
-31 0.0
-1 0.0
-10 0.21428574915254237
8 0.0
8 0.0
-23 0.0
-33 0.0
2 0.0
-11 0.21428574915254237
-23 0.0
1 0.0
-11 0.21428574915254237
9 0.0
9 0.0
-31 0.0
-23 0.0
1 0.0
-13 0.10714287457627118
-1 0.0
-16 0.10714287457627118
-23 0.0
-4 0.0
11 0.1696428847457627
7 0.0
0 0.013392859322033898
4 0.0
11 0.008928572881355932
11 0.0
-22 0.022321432203389828
-34 0.0
-23 0.0
-33 0.0
-10 0.0
-22 0.21428574915254237
-34 0.0
-23 0.0
-10 0.0
-13 0.21428574915254237
-31 0.0
-23 0.0
-1 0.0
-15 0.21428574915254237
-23 0.0
-31 0.0
-3 0.0
-12 0.21428574915254237
-23 0.0
-33 0.0
0 0.0
-13 0.21428574915254237
-23 0.0
-1 0.0
12 0.004464286440677966
12 0.0
-13 0.2098214627118644
-31 0.0
-23 0.0
-1 0.0
-15 0.10714287457627118
-3 0.0
9 0.004464286440677966
9 0.0
-18 0.10267858813559322
-23 0.0
-6 0.0
11 0.1473214525423729
11 0.0
-22 0.06696429661016949
-34 0.0
-23 0.0
-33 0.0
-10 0.0
-22 0.21428574915254237
-34 0.0
-23 0.0
-10 0.0
12 0.03571429152542373
12 0.0
-13 0.17857145762711862
-23 0.0
-31 0.0
-1 0.0
9 0.1696428847457627
9 0.0
-15 0.044642864406779656
-31 0.0
-23 0.0
-3 0.0
11 0.1964286033898305
11 0.0
-12 0.017857145762711864
-33 0.0
-23 0.0
0 0.0
-13 0.21428574915254237
-22 0.0
-23 0.0
-1 0.0
12 0.1964286033898305
12 0.0
-13 0.017857145762711864
-23 0.0
-31 0.0
-24 0.0
-22 0.0
-26 0.0
-1 0.0
-15 0.10714287457627118
-3 0.0
-18 0.10714287457627118
-26 0.0
-24 0.0
-23 0.0
-6 0.0
-1 0.1473214525423729
6 0.008928572881355932
3 0.022321432203389828
11 0.004464286440677966
-33 0.03125000508474576
-28 0.0
-20 0.0
11 0.004464286440677966
11 0.0
12 1.709821706779661
12 0.0
24 0.0
11 0.21428574915254237
11 0.0
23 0.0
7 0.21428574915254237
7 0.0
19 0.0
4 0.21428574915254237
4 0.0
16 0.0
0 0.21428574915254237
0 0.0
12 0.0
-1 0.21428574915254237
-1 0.0
11 0.0
-5 0.21428574915254237
-5 0.0
7 0.0
-7 0.21428574915254237
-7 0.0
5 0.0
-26 0.07589286949152542
-26 0.08482144237288135
-20 0.05357143728813559
-8 0.0
-25 0.0
-18 0.013392859322033898
-32 0.004464286440677966
-20 0.03125000508474576
-1 0.8125001322033898
-18 0.0
-13 0.30803576440677966
-8 0.2366071813559322
4 0.1696428847457627
-2 0.13839287966101693
-18 0.0
-1 0.5714286644067796
-18 0.3258929101694915
-28 0.6071429559322034
-26 0.08482144237288135
-24 0.058035723728813556
-20 0.013392859322033898
11 0.03571429152542373
-32 0.008928572881355932
-25 0.0
-20 0.008928572881355932
-18 0.013392859322033898
-13 0.0
-18 0.8794644288135592
-13 0.27678575932203386
-1 0.008928572881355932
-8 0.22767860847457627
4 0.004464286440677966
18 0.20089288983050846
-18 0.08482144237288135
-2 0.017857145762711864
10 0.004464286440677966
15 0.022321432203389828
-1 0.06250001016949153
16 0.45982150338983047
11 0.04910715084745763
-1 0.013392859322033898
23 0.19196431694915253
-18 0.10714287457627118
-33 1.6741074152542372
