-23 4.475587962962963
-4 0.0
1 0.0
-28 0.0
-23 0.0
1 0.017482765480324073
-23 0.25058630521797837
-16 0.005827588493441358
1 0.005827588493441358
3 0.22727595124421296
-18 0.034965530960648146
-18 0.005827588493441358
-9 0.011655176986882716
1 0.0
-16 0.25641389371141976
-16 0.005827588493441358
-7 0.011655176986882716
5 0.005827588493441358
1 0.0
-32 0.27972424768518517
15 0.5594484953703703
17 0.28555183617862656
-23 0.2622414822048611
-23 0.011655176986882716
-23 0.2680690706983025
-23 0.0
-28 0.011655176986882716
-7 0.2622414822048611
-16 0.0
-16 0.005827588493441358
-24 0.011655176986882716
-14 0.25641389371141976
-6 0.005827588493441358
-14 0.005827588493441358
-19 0.011655176986882716
-15 0.27972424768518517
-18 0.27389665919174383
-9 0.0
-28 0.005827588493441358
-18 0.005827588493441358
3 0.19231042028356482
-6 0.040793119454089505
15 0.034965530960648146
13 0.28555183617862656
-4 0.24475871672453703
1 0.0
13 0.023310353973765432
-23 0.011655176986882716
1 0.0
-28 0.0
-23 0.0
-23 0.2680690706983025
-16 0.005827588493441358
1 0.005827588493441358
3 0.19813800877700616
-18 0.06410347342785494
-18 0.005827588493441358
15 0.005827588493441358
-9 0.005827588493441358
1 0.0
5 0.22727595124421296
-16 0.02913794246720679
-16 0.005827588493441358
17 0.005827588493441358
-7 0.005827588493441358
1 0.005827588493441358
-32 0.27972424768518517
-23 1.107241813753858
-23 0.011655176986882716
-23 0.2680690706983025
-23 0.0
-28 0.011655176986882716
-7 0.2622414822048611
-16 0.0
-16 0.005827588493441358
-24 0.011655176986882716
3 0.0
-23 0.046620707947530864
-21 0.040793119454089505
-19 0.06993106192129629
-18 0.08741382740162038
17 0.011655176986882716
-14 0.0
-6 0.005827588493441358
-14 0.005827588493441358
-19 0.011655176986882716
-16 0.023310353973765432
-14 0.06410347342785494
-12 0.05827588493441358
-11 0.06410347342785494
-9 0.05827588493441358
-15 0.011655176986882716
-7 0.05244829644097222
-6 0.05827588493441358
-4 0.05827588493441358
-2 0.05827588493441358
-18 0.046620707947530864
-9 0.0
0 0.0
-28 0.005827588493441358
-9 0.0
-18 0.005827588493441358
1 0.034965530960648146
3 0.05244829644097222
5 0.046620707947530864
6 0.05244829644097222
8 0.05244829644097222
15 0.023310353973765432
10 0.034965530960648146
12 0.05827588493441358
13 0.05244829644097222
15 0.05827588493441358
17 0.046620707947530864
13 0.023310353973765432
18 0.034965530960648146
20 0.05827588493441358
-18 0.02913794246720679
22 0.023310353973765432
-10 0.023310353973765432
24 0.02913794246720679
-18 0.023310353973765432
25 0.040793119454089505
-23 0.034965530960648146
-16 0.0
-7 0.0
-10 0.0
1 0.0
-7 0.011655176986882716
1 0.2680690706983025
-9 0.2680690706983025
1 0.011655176986882716
-6 0.2622414822048611
-14 0.005827588493441358
-6 0.011655176986882716
1 0.0
-32 0.27972424768518517
-7 0.27389665919174383
-11 0.27389665919174383
-4 0.005827588493441358
-12 0.0
-16 0.27972424768518517
-23 0.27389665919174383
-7 0.0
-16 0.017482765480324073
-4 0.8216899775752314
-4 0.023310353973765432
5 0.25058630521797837
5 0.011655176986882716
-15 0.005827588493441358
-6 0.2622414822048611
-6 0.0
11 0.017482765480324073
3 0.2622414822048611
3 0.017482765480324073
12 0.0
-4 0.5477933183834877
-23 0.011655176986882716
-16 0.0
-4 0.0
-7 0.0
1 0.0
-7 0.011655176986882716
1 0.2680690706983025
-9 0.2680690706983025
1 0.011655176986882716
-6 0.2622414822048611
-14 0.005827588493441358
-6 0.005827588493441358
1 0.005827588493441358
-32 0.27972424768518517
-7 0.24475871672453703
-7 0.017482765480324073
-11 0.27389665919174383
-11 0.017482765480324073
-11 0.553620906876929
-7 0.0
-26 0.0
-18 0.011655176986882716
-7 0.0
-24 1.1130694022472993
-9 0.0
-16 0.0
-9 0.005827588493441358
-15 0.0
-9 1.1130694022472993
-9 0.005827588493441358
1 0.0
-30 0.005827588493441358
-14 0.0
1 0.27389665919174383
-10 0.27389665919174383
1 0.005827588493441358
-7 0.25641389371141976
-14 0.005827588493441358
-7 0.017482765480324073
1 0.0
-31 0.27972424768518517
-32 0.0
-15 0.25641389371141976
-9 0.011655176986882716
-12 0.5711036723572531
-9 0.27389665919174383
-26 0.011655176986882716
-9 0.0
-7 0.0
-11 0.5419657298900463
-11 0.0
-7 0.553620906876929
-28 0.0
-12 0.0
-12 0.005827588493441358
-15 0.011655176986882716
11 0.27972424768518517
-11 0.2622414822048611
12 0.017482765480324073
-11 0.005827588493441358
-11 0.553620906876929
-14 0.0
1 0.0
-30 0.005827588493441358
-14 0.0
1 0.27389665919174383
-11 0.2622414822048611
1 0.017482765480324073
-9 0.27389665919174383
1 0.005827588493441358
-30 0.005827588493441358
-14 0.2680690706983025
-32 0.005827588493441358
-11 0.2622414822048611
-6 0.29720701316550924
-11 0.0
-11 0.27389665919174383
-7 0.0
-16 0.011655176986882716
-16 0.005827588493441358
-23 0.2680690706983025
-16 0.8275175660686729
-4 0.0
-24 0.011655176986882716
8 0.005827588493441358
17 0.2622414822048611
5 0.005827588493441358
-15 0.005827588493441358
-6 0.27389665919174383
6 0.0
-19 0.005827588493441358
-11 0.011655176986882716
15 0.25058630521797837
3 0.005827588493441358
-16 0.005827588493441358
-26 0.005827588493441358
5 0.2622414822048611
-7 0.005827588493441358
-7 0.011655176986882716
-4 0.09906900438850308
-18 0.005827588493441358
1 0.046620707947530864
-10 0.0
-18 0.05244829644097222
5 0.046620707947530864
1 0.017482765480324073
13 0.0
-23 0.011655176986882716
-16 0.0
-7 0.0
-10 0.0
1 0.0
-33 0.0
-7 0.011655176986882716
1 0.2680690706983025
-9 0.2680690706983025
1 0.011655176986882716
-6 0.2622414822048611
-14 0.005827588493441358
-6 0.011655176986882716
1 0.0
-32 0.27972424768518517
-7 0.2622414822048611
-7 0.011655176986882716
-11 0.2622414822048611
-11 0.011655176986882716
-16 0.2622414822048611
-16 0.023310353973765432
-33 0.005827588493441358
-23 0.2680690706983025
-33 0.011655176986882716
-26 0.27972424768518517
-4 0.25058630521797837
3 0.005827588493441358
-6 0.023310353973765432
3 0.0
-28 0.0
-2 0.2622414822048611
6 0.005827588493441358
6 0.0
-2 0.005827588493441358
13 0.28555183617862656
-15 0.0
-4 0.2680690706983025
5 0.005827588493441358
-4 0.005827588493441358
11 0.0
5 0.011655176986882716
-7 0.2622414822048611
1 0.0
-7 0.005827588493441358
12 0.0
1 0.005827588493441358
-4 0.25058630521797837
-4 0.023310353973765432
-23 0.0
-16 0.0
-4 0.27389665919174383
-23 0.005827588493441358
-16 0.0
-7 0.0
-7 0.0
-25 0.0
-18 0.0
1 0.0
-33 0.0
1 0.27972424768518517
-9 0.2680690706983025
1 0.011655176986882716
-11 0.27389665919174383
-6 0.0
-14 0.0
-6 0.0
1 0.005827588493441358
-32 0.27972424768518517
-7 0.2622414822048611
-7 0.011655176986882716
-11 0.27972424768518517
-11 0.0
-23 0.2680690706983025
-16 0.0
-33 0.017482765480324073
-26 0.2680690706983025
-14 0.0
-7 0.0
-7 0.011655176986882716
-33 0.0
-18 0.27972424768518517
-11 0.27389665919174383
-9 0.27389665919174383
-12 0.27972424768518517
-9 0.0
-24 0.005827588493441358
-9 0.005827588493441358
-15 0.0
-16 0.27389665919174383
-4 0.2913794246720679
-16 0.2680690706983025
-9 0.27972424768518517
-9 0.005827588493441358
1 0.0
-33 0.0
-30 0.005827588493441358
-14 0.0
1 0.27389665919174383
-10 0.27389665919174383
1 0.005827588493441358
-7 0.25641389371141976
-7 0.023310353973765432
1 0.0
-14 0.25641389371141976
-31 0.023310353973765432
-32 0.0
-15 0.22727595124421296
-9 0.040793119454089505
-15 0.536138141396605
-12 0.034965530960648146
-12 0.0
-7 0.27389665919174383
-9 0.0
-9 0.005827588493441358
-33 0.0
-26 0.005827588493441358
-14 0.0
-11 0.23310353973765433
-26 0.040793119454089505
-11 0.2680690706983025
-28 0.011655176986882716
-11 0.536138141396605
-7 0.0
-14 0.005827588493441358
-28 0.0
-15 0.017482765480324073
11 0.27972424768518517
-2 0.25641389371141976
-12 0.023310353973765432
12 0.0
-11 0.27972424768518517
-2 0.2680690706983025
-11 0.005827588493441358
-6 0.005827588493441358
-14 0.0
1 0.0
-33 0.0
-30 0.005827588493441358
1 0.27389665919174383
-11 0.2622414822048611
-14 0.017482765480324073
1 0.0
-11 0.27389665919174383
-9 0.0
-6 0.005827588493441358
1 0.0
1 0.0
-30 0.005827588493441358
-14 0.2680690706983025
-11 0.0
-32 0.005827588493441358
1 0.2622414822048611
-11 0.0
-6 0.011655176986882716
-4 0.0
-11 0.2622414822048611
-14 0.0
-11 0.023310353973765432
-11 0.27389665919174383
-7 0.0
-33 0.005827588493441358
-16 0.005827588493441358
-7 0.0
-23 0.27389665919174383
-33 0.0
-16 0.2680690706983025
-9 0.27972424768518517
1 0.011655176986882716
3 0.0
0 0.05244829644097222
-2 0.05244829644097222
-4 0.02913794246720679
-6 0.040793119454089505
-7 0.023310353973765432
-9 0.034965530960648146
-11 0.034965530960648146
-7 0.005827588493441358
-7 0.005827588493441358
-12 0.034965530960648146
-14 0.06410347342785494
-16 0.05827588493441358
-18 0.046620707947530864
-16 0.05827588493441358
-11 0.005827588493441358
-14 0.005827588493441358
-14 0.005827588493441358
-6 0.0
-15 0.0
-19 0.0
-6 0.005827588493441358
-12 0.05827588493441358
-11 0.07575865041473766
-9 0.06993106192129629
-7 0.06410347342785494
-24 0.005827588493441358
-9 0.0
-6 0.06410347342785494
-4 0.06410347342785494
-2 0.06993106192129629
0 0.05827588493441358
-11 0.017482765480324073
-14 0.005827588493441358
-6 0.0
-2 0.0
-28 0.0
1 0.034965530960648146
3 0.07575865041473766
5 0.08158623890817901
6 0.06993106192129629
8 0.06410347342785494
-18 0.05827588493441358
10 0.011655176986882716
-10 0.034965530960648146
12 0.023310353973765432
-18 0.02913794246720679
13 0.02913794246720679
-4 0.023310353973765432
-12 0.023310353973765432
-16 0.0
-40 0.0
-4 0.0
20 0.0
-14 0.0
-10 0.0
1 0.0
-33 0.0
-28 0.005827588493441358
1 0.27389665919174383
1 0.27972424768518517
-26 0.2622414822048611
-11 0.017482765480324073
-38 0.0
1 0.0
-14 0.005827588493441358
-24 0.2622414822048611
-12 0.005827588493441358
-9 0.005827588493441358
-36 0.0
-32 0.0
-16 0.553620906876929
-6 0.2680690706983025
-9 0.005827588493441358
-33 0.011655176986882716
-7 0.2622414822048611
-23 0.005827588493441358
-11 0.0
-35 0.011655176986882716
-33 0.0
-16 0.536138141396605
-7 0.27972424768518517
-7 0.011655176986882716
-6 0.27972424768518517
-15 0.011655176986882716
-16 0.2680690706983025
-2 0.27972424768518517
-2 0.005827588493441358
-4 0.5594484953703703
-9 0.0
-4 0.0
-24 0.005827588493441358
-36 0.0
1 0.0
-33 0.0
-16 0.2680690706983025
1 0.011655176986882716
-9 0.25058630521797837
-9 0.017482765480324073
1 0.011655176986882716
-9 0.2680690706983025
-6 0.0
-6 0.005827588493441358
1 0.005827588493441358
-32 0.27972424768518517
-16 0.2680690706983025
-9 0.0
-7 0.0
-7 0.29720701316550924
-11 0.25641389371141976
-33 0.017482765480324073
-7 0.005827588493441358
-7 0.2622414822048611
-16 0.011655176986882716
-23 0.0
-35 0.0
-33 0.0
-11 0.8333451545621142
-31 0.2622414822048611
-16 0.005827588493441358
-7 0.0
-7 0.0
-31 0.017482765480324073
-15 0.0
-6 0.36713807508680557
-6 0.005827588493441358
-4 0.36713807508680557
-4 0.017482765480324073
-30 0.3496553096064815
0 0.0
-9 0.005827588493441358
0 0.0
-30 0.005827588493441358
1 0.0
-33 0.0
-2 0.2622414822048611
1 0.017482765480324073
-9 0.25641389371141976
-2 0.005827588493441358
1 0.017482765480324073
-4 0.2622414822048611
1 0.017482765480324073
-31 0.2680690706983025
-11 0.0
-4 0.0
-4 0.0
-31 0.011655176986882716
-32 0.0
-16 0.27972424768518517
-11 0.2680690706983025
-4 0.27972424768518517
-33 0.011655176986882716
-11 0.005827588493441358
-30 0.2680690706983025
-4 0.005827588493441358
0 0.0
-30 0.0
-33 0.0
0 0.011655176986882716
-11 0.2622414822048611
1 0.2680690706983025
1 0.011655176986882716
-4 0.2680690706983025
-4 0.02913794246720679
-31 0.25058630521797837
-31 0.017482765480324073
-15 0.0
-11 0.25058630521797837
11 0.02913794246720679
-4 0.25058630521797837
12 0.02913794246720679
-11 0.24475871672453703
-11 0.02913794246720679
1 0.24475871672453703
-26 0.017482765480324073
-11 0.017482765480324073
-7 0.0
-38 0.005827588493441358
-7 0.0
1 0.0
-33 0.0
1 0.27972424768518517
-9 0.27389665919174383
1 0.005827588493441358
-11 0.2680690706983025
-16 0.005827588493441358
1 0.005827588493441358
-29 0.27389665919174383
-14 0.005827588493441358
-9 0.0
-41 0.0
-32 0.0
-14 0.553620906876929
-17 0.005827588493441358
-11 0.27389665919174383
-29 0.005827588493441358
-41 0.0
-33 0.0
-11 0.2680690706983025
-28 0.0
-18 0.0
-7 0.005827588493441358
-40 0.005827588493441358
-33 0.0
-16 0.2622414822048611
-9 0.27389665919174383
-9 0.017482765480324073
1 0.005827588493441358
3 0.0
0 0.05244829644097222
-2 0.05244829644097222
-4 0.02913794246720679
-6 0.040793119454089505
-7 0.023310353973765432
-9 0.034965530960648146
-7 0.02913794246720679
-16 0.005827588493441358
-11 0.0
-9 0.005827588493441358
-7 0.005827588493441358
-12 0.034965530960648146
-14 0.06410347342785494
-16 0.05827588493441358
-18 0.046620707947530864
-16 0.05827588493441358
-6 0.005827588493441358
-14 0.005827588493441358
-14 0.0
-6 0.005827588493441358
-15 0.0
-12 0.06410347342785494
-11 0.07575865041473766
-9 0.06993106192129629
-33 0.05827588493441358
-7 0.005827588493441358
-45 0.005827588493441358
-24 0.0
-9 0.0
-6 0.06410347342785494
-4 0.06410347342785494
-2 0.06993106192129629
0 0.05827588493441358
-30 0.011655176986882716
-11 0.005827588493441358
-42 0.005827588493441358
-2 0.0
-28 0.0
-2 0.005827588493441358
1 0.02913794246720679
3 0.07575865041473766
5 0.08158623890817901
-33 0.05827588493441358
6 0.011655176986882716
-45 0.017482765480324073
8 0.046620707947530864
-18 0.05827588493441358
10 0.011655176986882716
-10 0.034965530960648146
12 0.023310353973765432
-18 0.02913794246720679
13 0.02913794246720679
-4 0.034965530960648146
-12 0.011655176986882716
-4 0.0
-40 0.0
0 0.0
20 0.0
-14 0.0
-10 0.0
1 0.0
-33 0.0
-28 0.005827588493441358
15 0.2622414822048611
1 0.011655176986882716
8 0.27389665919174383
-12 0.005827588493441358
1 0.0
-9 0.005827588493441358
-26 0.25641389371141976
-16 0.0
20 0.011655176986882716
-38 0.005827588493441358
1 0.0
-24 0.2680690706983025
3 0.0
12 0.0
-12 0.011655176986882716
-36 0.0
-32 0.0
-9 0.005827588493441358
-9 0.536138141396605
-6 0.005827588493441358
-16 0.28555183617862656
-33 0.005827588493441358
1 0.24475871672453703
5 0.011655176986882716
-7 0.005827588493441358
-23 0.005827588493441358
-11 0.0
-35 0.011655176986882716
-33 0.0
-16 0.25641389371141976
11 0.023310353973765432
-19 0.0
-7 0.2622414822048611
11 0.017482765480324073
-24 0.0
-11 0.25641389371141976
-4 0.005827588493441358
-7 0.0
-23 0.011655176986882716
-35 0.005827588493441358
12 0.0
-19 0.0
6 0.24475871672453703
-11 0.017482765480324073
1 0.0
-6 0.011655176986882716
-15 0.005827588493441358
10 0.5419657298900463
-11 0.011655176986882716
-2 0.0
-2 0.005827588493441358
0 0.536138141396605
-4 0.005827588493441358
-4 0.011655176986882716
-12 0.0
-28 0.005827588493441358
-40 0.0
8 0.0
1 0.0
-33 0.0
-16 0.2680690706983025
1 0.011655176986882716
-9 0.25058630521797837
-9 0.017482765480324073
1 0.011655176986882716
-27 0.2680690706983025
-9 0.0
-6 0.0
-6 0.0
-39 0.011655176986882716
1 0.0
6 0.2214483627507716
-32 0.05827588493441358
-7 0.27389665919174383
-7 0.2680690706983025
-15 0.005827588493441358
5 0.005827588493441358
-12 0.2680690706983025
-24 0.0
-7 0.011655176986882716
-36 0.005827588493441358
-33 0.0
-26 0.25641389371141976
-19 0.005827588493441358
-38 0.017482765480324073
1 0.0
-33 0.0
-12 0.2680690706983025
11 0.011655176986882716
-19 0.0
-11 0.25641389371141976
11 0.023310353973765432
-24 0.0
12 0.27972424768518517
-19 0.0
5 0.25058630521797837
-23 0.005827588493441358
-11 0.0
-7 0.005827588493441358
-7 0.011655176986882716
-35 0.005827588493441358
-15 0.0
-19 0.0
6 0.3496553096064815
-9 0.017482765480324073
-6 0.0
-6 0.005827588493441358
-22 0.0
8 0.30886219015239197
-7 0.05244829644097222
-4 0.005827588493441358
-4 0.0
-28 0.005827588493441358
12 0.32634495563271604
0 0.011655176986882716
0 0.011655176986882716
-30 0.011655176986882716
-9 0.005827588493441358
0 0.0
-30 0.005827588493441358
1 0.0
-33 0.0
-2 0.2622414822048611
1 0.017482765480324073
-9 0.25641389371141976
-2 0.0
10 0.023310353973765432
1 0.0
-4 0.25641389371141976
-4 0.005827588493441358
8 0.017482765480324073
1 0.0
1 0.2622414822048611
-31 0.005827588493441358
-11 0.0
-4 0.0
-31 0.011655176986882716
-32 0.0
-12 0.27972424768518517
-11 0.2680690706983025
-11 0.21562077425733026
-4 0.06410347342785494
-33 0.011655176986882716
0 0.25641389371141976
-30 0.017482765480324073
-4 0.005827588493441358
0 0.0
-30 0.0
-33 0.0
1 0.2680690706983025
-11 0.005827588493441358
11 0.005827588493441358
1 0.2622414822048611
11 0.017482765480324073
-4 0.2622414822048611
-4 0.011655176986882716
12 0.005827588493441358
-19 0.0
-31 0.2622414822048611
-31 0.017482765480324073
-15 0.0
-11 0.25058630521797837
-11 0.5827588493441358
-26 0.2622414822048611
1 0.011655176986882716
-11 0.005827588493441358
-7 0.0
-7 0.0
-38 0.005827588493441358
1 0.0
-33 0.0
5 0.005827588493441358
1 0.27389665919174383
-9 0.25641389371141976
1 0.023310353973765432
-11 0.2622414822048611
-16 0.011655176986882716
1 0.005827588493441358
3 0.20396559727044752
-2 0.034965530960648146
-29 0.034965530960648146
-9 0.005827588493441358
-41 0.0
-32 0.0
-19 0.0
-14 0.005827588493441358
-11 0.536138141396605
-17 0.017482765480324073
-6 0.2680690706983025
-33 0.011655176986882716
10 0.21562077425733026
18 0.023310353973765432
6 0.011655176986882716
-6 0.017482765480324073
-25 0.0
-14 0.0
-37 0.011655176986882716
-33 0.0
11 0.27972424768518517
5 0.2622414822048611
-7 0.005827588493441358
17 0.0
-7 0.005827588493441358
11 0.005827588493441358
-9 0.27389665919174383
12 0.005827588493441358
3 0.23310353973765433
-4 0.005827588493441358
15 0.005827588493441358
-9 0.011655176986882716
-16 0.011655176986882716
-28 0.011655176986882716
-40 0.0
-15 0.0
-22 0.27972424768518517
-9 0.0
-11 0.25641389371141976
-18 0.005827588493441358
1 0.0
-11 0.005827588493441358
13 0.0
-28 0.011655176986882716
-11 0.2680690706983025
-18 0.11655176986882716
-10 0.046620707947530864
-18 0.05244829644097222
1 0.040793119454089505
-23 0.005827588493441358
13 0.017482765480324073
-35 0.011655176986882716
-20 0.0
-10 0.0
1 0.0
-33 0.0
-16 0.25058630521797837
1 0.02913794246720679
-28 0.0
-9 0.25641389371141976
1 0.023310353973765432
-24 0.0
-7 0.25641389371141976
1 0.023310353973765432
-19 0.0
-32 0.27972424768518517
-4 0.27389665919174383
-4 0.0
3 0.2622414822048611
3 0.023310353973765432
5 0.25641389371141976
-33 0.023310353973765432
5 0.005827588493441358
-20 0.27389665919174383
-33 0.0
-18 0.06410347342785494
-16 0.12820694685570988
8 0.08158623890817901
8 0.005827588493441358
-15 0.017482765480324073
-13 0.09324141589506173
-11 0.08741382740162038
15 0.05827588493441358
15 0.011655176986882716
3 0.011655176986882716
-9 0.005827588493441358
-8 0.08158623890817901
-6 0.09324141589506173
17 0.08158623890817901
17 0.0
-4 0.005827588493441358
-3 0.08741382740162038
-1 0.08158623890817901
1 0.08741382740162038
-31 0.034965530960648146
-15 0.0
3 0.05244829644097222
4 0.08741382740162038
6 0.09324141589506173
-24 0.046620707947530864
-9 0.0
8 0.05827588493441358
9 0.09324141589506173
11 0.07575865041473766
-26 0.05244829644097222
13 0.02913794246720679
15 0.06993106192129629
16 0.05827588493441358
18 0.06410347342785494
20 0.05827588493441358
21 0.05244829644097222
-18 0.05244829644097222
23 0.005827588493441358
25 0.040793119454089505
-10 0.0
27 0.05244829644097222
-18 0.0
8 0.011655176986882716
28 0.046620707947530864
4 0.005827588493441358
-20 0.011655176986882716
-13 0.0
-32 0.0
-4 0.0
-34 0.0
-20 0.0
-10 0.0
1 0.0
-4 0.011655176986882716
-27 0.2622414822048611
-6 0.27389665919174383
-27 0.011655176986882716
9 0.25641389371141976
-3 0.005827588493441358
-11 0.005827588493441358
-27 0.005827588493441358
-3 0.005827588493441358
-32 0.27972424768518517
-27 0.0
8 0.22727595124421296
-4 0.034965530960648146
-4 0.011655176986882716
-27 0.0
4 0.25641389371141976
-8 0.005827588493441358
-8 0.011655176986882716
-27 0.011655176986882716
-13 0.25058630521797837
-13 0.023310353973765432
-32 0.005827588493441358
-34 0.0
-27 0.0
-1 0.23310353973765433
-20 0.034965530960648146
-32 0.011655176986882716
-34 0.0
-27 0.0
-27 0.27389665919174383
-27 0.28555183617862656
-27 0.27389665919174383
-1 0.011655176986882716
-1 0.005827588493441358
8 0.2622414822048611
8 0.0
-27 0.005827588493441358
-15 0.0
-27 0.27389665919174383
-3 0.011655176986882716
-3 0.0
6 0.2622414822048611
-27 0.011655176986882716
6 0.005827588493441358
-4 0.2622414822048611
-27 0.005827588493441358
-4 0.005827588493441358
8 0.23893112823109566
-1 0.034965530960648146
-20 0.005827588493441358
-13 0.0
-4 0.0
-32 0.0
-4 0.0
4 0.0
-34 0.0
-27 0.0
1 0.0
-27 0.27389665919174383
-6 0.27389665919174383
-27 0.011655176986882716
9 0.25058630521797837
-8 0.023310353973765432
-3 0.0
-11 0.0
-3 0.0
-27 0.0
-32 0.28555183617862656
-27 0.0
8 0.2214483627507716
-4 0.040793119454089505
-4 0.011655176986882716
-27 0.0
4 0.25641389371141976
-8 0.023310353973765432
-8 0.0
-27 0.005827588493441358
-20 0.2622414822048611
-13 0.0
-32 0.017482765480324073
-34 0.0
-27 0.0
-23 0.2680690706983025
-11 0.0
-4 0.0
-35 0.011655176986882716
-4 0.0
-34 0.0
-27 0.0
-27 0.27389665919174383
-15 0.005827588493441358
-8 0.27389665919174383
-27 0.005827588493441358
-6 0.2680690706983025
-27 0.005827588493441358
6 0.20396559727044752
-9 0.06993106192129629
-6 0.0
-21 0.005827588493441358
-33 0.005827588493441358
-6 0.0
-27 0.0
-15 0.0
-13 0.27389665919174383
-27 0.0
-37 0.28555183617862656
-27 0.0
-1 0.005827588493441358
-13 0.2680690706983025
-27 0.0
18 0.24475871672453703
6 0.02913794246720679
-6 0.005827588493441358
-6 0.005827588493441358
-39 0.0
-34 0.0
-27 0.0
1 0.0
-27 0.005827588493441358
-11 0.0
-27 0.2680690706983025
-7 0.27972424768518517
-27 0.005827588493441358
-4 0.25641389371141976
-27 0.017482765480324073
-40 0.005827588493441358
-4 0.0
20 0.2214483627507716
8 0.005827588493441358
-11 0.02913794246720679
-28 0.023310353973765432
-32 0.0
-27 0.0
-12 0.22727595124421296
-27 0.046620707947530864
-6 0.005827588493441358
-9 0.2680690706983025
-27 0.011655176986882716
-12 0.24475871672453703
-6 0.023310353973765432
-9 0.011655176986882716
-40 0.0
-34 0.0
-27 0.0
16 0.23310353973765433
-4 0.040793119454089505
-6 0.005827588493441358
-35 0.0
4 0.0
-34 0.0
-27 0.0
-23 0.005827588493441358
-11 0.0
-8 0.23310353973765433
-8 0.02913794246720679
-27 0.005827588493441358
-27 0.28555183617862656
-27 0.27389665919174383
-8 0.2622414822048611
-4 0.0
-11 0.005827588493441358
-25 0.0
15 0.011655176986882716
-37 0.005827588493441358
-27 0.0
-15 0.0
-27 0.27389665919174383
1 0.2622414822048611
-9 0.023310353973765432
-27 0.0
-27 0.27389665919174383
-8 0.005827588493441358
13 0.19813800877700616
-11 0.06993106192129629
-8 0.005827588493441358
-3 0.005827588493441358
-39 0.0
-11 0.0
-34 0.0
-27 0.0
1 0.0
-27 0.005827588493441358
-27 0.2680690706983025
-8 0.2680690706983025
-27 0.017482765480324073
-6 0.27389665919174383
-27 0.0
-23 0.27389665919174383
-11 0.005827588493441358
-8 0.005827588493441358
-3 0.0
-35 0.0
-32 0.0
-27 0.0
-27 0.2622414822048611
-27 0.011655176986882716
-39 0.005827588493441358
-4 0.27972424768518517
-27 0.0
-8 0.27389665919174383
-4 0.0
-32 0.005827588493441358
-4 0.0
-34 0.0
-27 0.0
-13 0.005827588493441358
-30 0.13403453534915125
8 0.1107241813753858
11 0.023310353973765432
-20 0.005827588493441358
-32 0.0
-34 0.0
-27 0.0
-13 0.2680690706983025
-27 0.005827588493441358
-6 0.27389665919174383
-27 0.011655176986882716
-4 0.27389665919174383
-4 0.005827588493441358
-31 0.0
-8 0.2680690706983025
-11 0.011655176986882716
-3 0.0
-31 0.0
-15 0.0
-3 0.005827588493441358
-13 0.1806552432966821
-24 0.07575865041473766
-11 0.011655176986882716
-9 0.08741382740162038
-8 0.08158623890817901
-6 0.07575865041473766
-24 0.02913794246720679
-8 0.005827588493441358
-11 0.005827588493441358
-3 0.0
1 0.0
-4 0.02913794246720679
-3 0.08158623890817901
-1 0.06410347342785494
1 0.06410347342785494
-34 0.040793119454089505
-14 0.0
3 0.017482765480324073
4 0.040793119454089505
6 0.05244829644097222
8 0.05244829644097222
11 0.05244829644097222
23 0.0
9 0.0
-9 0.06410347342785494
-13 0.0
-37 0.0
-1 0.0
11 0.0
-34 0.0
-20 0.0
-25 0.005827588493441358
-27 0.2680690706983025
-27 0.28555183617862656
-23 0.2622414822048611
-27 0.011655176986882716
-8 0.005827588493441358
-37 0.0
-11 0.005827588493441358
-21 0.2622414822048611
-9 0.005827588493441358
-6 0.005827588493441358
-33 0.0
-31 0.0
-27 0.0
-27 0.27389665919174383
-13 0.27972424768518517
-27 0.005827588493441358
-3 0.2622414822048611
-6 0.005827588493441358
-37 0.011655176986882716
-34 0.0
-27 0.0
-4 0.2622414822048611
-20 0.005827588493441358
-8 0.0
-32 0.011655176986882716
-34 0.0
-27 0.0
-27 0.27389665919174383
-13 0.2622414822048611
-27 0.023310353973765432
-4 0.25641389371141976
-4 0.011655176986882716
-27 0.005827588493441358
-3 0.27389665919174383
-31 0.011655176986882716
-27 0.0
-15 0.0
-13 0.2680690706983025
-27 0.005827588493441358
1 0.27389665919174383
1 0.005827588493441358
-27 0.005827588493441358
-27 0.27389665919174383
-1 0.27972424768518517
-6 0.0
-1 0.0
-25 0.005827588493441358
-37 0.0
-34 0.0
-27 0.0
-13 0.2680690706983025
-27 0.005827588493441358
-6 0.25641389371141976
-6 0.017482765480324073
-27 0.011655176986882716
-6 0.2680690706983025
-3 0.0
-3 0.005827588493441358
-27 0.0
-33 0.28555183617862656
-31 0.0
-27 0.0
-13 0.2680690706983025
-6 0.0
-4 0.0
-27 0.005827588493441358
-35 0.005827588493441358
-37 0.27972424768518517
-27 0.0
-4 0.005827588493441358
-8 0.25641389371141976
-32 0.017482765480324073
-34 0.0
-27 0.0
-4 0.005827588493441358
-4 0.2622414822048611
-13 0.011655176986882716
-20 0.0
-32 0.0
-34 0.0
-27 0.0
-27 0.27389665919174383
-28 0.005827588493441358
-27 0.27972424768518517
-24 0.0
-8 0.27389665919174383
-27 0.0
-19 0.005827588493441358
-13 0.2622414822048611
-4 0.0
-4 0.0
-28 0.005827588493441358
-39 0.011655176986882716
-31 0.0
-27 0.0
-15 0.0
-27 0.27389665919174383
-3 0.09324141589506173
-27 0.005827588493441358
-3 0.0
-27 0.18648283179012345
-25 0.16900006630979938
-1 0.011655176986882716
-1 0.017482765480324073
-27 0.07575865041473766
-27 0.27389665919174383
3 0.0
-6 0.005827588493441358
3 0.0
-39 0.005827588493441358
-34 0.0
-27 0.0
1 0.2622414822048611
-27 0.011655176986882716
-6 0.2622414822048611
1 0.005827588493441358
-27 0.017482765480324073
-1 0.2622414822048611
-27 0.011655176986882716
-28 0.27389665919174383
-8 0.0
-1 0.0
-1 0.0
-40 0.011655176986882716
-31 0.0
-27 0.0
-27 0.27389665919174383
-13 0.005827588493441358
-8 0.2680690706983025
-27 0.011655176986882716
-1 0.2680690706983025
-40 0.011655176986882716
-34 0.0
-27 0.0
-8 0.005827588493441358
-27 0.2680690706983025
-1 0.005827588493441358
3 0.0
-39 0.0
-34 0.0
-27 0.0
3 0.011655176986882716
-8 0.2622414822048611
-27 0.0
4 0.2680690706983025
4 0.011655176986882716
-27 0.005827588493441358
-1 0.2622414822048611
-27 0.011655176986882716
-1 0.017482765480324073
-28 0.25058630521797837
-40 0.017482765480324073
-31 0.0
-27 0.0
-15 0.0
-8 0.25058630521797837
-27 0.023310353973765432
-1 0.25641389371141976
-27 0.02913794246720679
-8 0.24475871672453703
-8 0.02913794246720679
-27 0.0
4 0.23310353973765433
16 0.011655176986882716
-23 0.017482765480324073
-8 0.017482765480324073
-4 0.0
-35 0.005827588493441358
-4 0.0
-34 0.0
-27 0.0
-27 0.27389665919174383
-6 0.27972424768518517
-27 0.005827588493441358
-8 0.2680690706983025
-13 0.005827588493441358
-27 0.0
18 0.22727595124421296
-30 0.05244829644097222
-11 0.005827588493441358
-6 0.0
-42 0.0
-31 0.0
-27 0.0
-27 0.27389665919174383
-4 0.27972424768518517
-14 0.005827588493441358
-27 0.0
-3 0.27389665919174383
-23 0.005827588493441358
-35 0.0
-34 0.0
-27 0.0
11 0.23893112823109566
-8 0.02913794246720679
-25 0.0
-15 0.0
-37 0.011655176986882716
-34 0.0
-27 0.0
-13 0.2622414822048611
-27 0.011655176986882716
-6 0.2622414822048611
-4 0.017482765480324073
-27 0.005827588493441358
3 0.0
-4 0.2622414822048611
-13 0.005827588493441358
-31 0.011655176986882716
-3 0.2680690706983025
-25 0.0
-11 0.005827588493441358
-25 0.005827588493441358
-37 0.0
-3 0.0
-31 0.0
-15 0.0
-23 0.06410347342785494
-21 0.08741382740162038
-18 0.08741382740162038
-23 0.017482765480324073
-24 0.005827588493441358
-35 0.017482765480324073
-16 0.034965530960648146
-15 0.06410347342785494
-13 0.06410347342785494
-11 0.05244829644097222
-20 0.040793119454089505
-9 0.011655176986882716
-24 0.0
-8 0.005827588493441358
-32 0.005827588493441358
1 0.0
1 0.005827588493441358
-8 0.034965530960648146
-6 0.046620707947530864
-4 0.040793119454089505
-3 0.046620707947530864
-1 0.034965530960648146
-25 0.034965530960648146
1 0.011655176986882716
-27 0.017482765480324073
-37 0.005827588493441358
3 0.011655176986882716
4 0.046620707947530864
6 0.034965530960648146
8 0.046620707947530864
11 0.040793119454089505
9 0.005827588493441358
11 0.046620707947530864
-1 0.034965530960648146
-9 0.011655176986882716
-1 0.0
-37 0.0
-34 0.0
-20 0.0
-25 0.005827588493441358
23 0.0
15 0.005827588493441358
-27 0.2622414822048611
-9 0.28555183617862656
-27 0.0
-6 0.005827588493441358
-13 0.25641389371141976
-27 0.011655176986882716
-9 0.28555183617862656
-31 0.0
-27 0.0
-6 0.005827588493441358
-27 0.2680690706983025
-6 0.2680690706983025
-25 0.005827588493441358
-3 0.0
-37 0.011655176986882716
-27 0.0
-13 0.27389665919174383
-21 0.005827588493441358
-33 0.0
-34 0.0
-27 0.0
-4 0.2622414822048611
-20 0.005827588493441358
-8 0.0
-32 0.011655176986882716
-34 0.0
-27 0.0
-13 0.25641389371141976
-27 0.017482765480324073
-4 0.2680690706983025
-27 0.017482765480324073
-8 0.25641389371141976
-1 0.005827588493441358
-4 0.0
-20 0.011655176986882716
-27 0.0
-8 0.2680690706983025
4 0.0
-3 0.011655176986882716
-31 0.005827588493441358
-27 0.0
-15 0.0
-27 0.27389665919174383
-8 0.27972424768518517
1 0.0
-32 0.005827588493441358
1 0.0
-27 0.0
-27 0.27389665919174383
-1 0.2680690706983025
-1 0.011655176986882716
-9 0.0
-21 0.005827588493441358
-33 0.0
-34 0.0
-27 0.0
-13 0.2680690706983025
-27 0.005827588493441358
-6 0.25641389371141976
-6 0.017482765480324073
-27 0.011655176986882716
-6 0.2680690706983025
-3 0.0
-3 0.0
-21 0.005827588493441358
-27 0.0
21 0.23310353973765433
9 0.005827588493441358
-24 0.046620707947530864
-36 0.0
-31 0.0
-27 0.0
-4 0.27389665919174383
-27 0.0
8 0.25058630521797837
20 0.005827588493441358
-4 0.011655176986882716
-12 0.005827588493441358
-27 0.011655176986882716
-9 0.2622414822048611
-24 0.0
-4 0.011655176986882716
-36 0.005827588493441358
-34 0.0
-27 0.0
-23 0.25641389371141976
-16 0.005827588493441358
-35 0.017482765480324073
-34 0.0
-27 0.0
-9 0.2680690706983025
-27 0.005827588493441358
-28 0.005827588493441358
-8 0.25641389371141976
-27 0.023310353973765432
-24 0.0
-27 0.27389665919174383
-19 0.005827588493441358
-25 0.25641389371141976
-8 0.0
-4 0.005827588493441358
-4 0.011655176986882716
-37 0.005827588493441358
-31 0.0
-27 0.0
-15 0.0
-27 0.27389665919174383
-6 0.09324141589506173
-3 0.0
-3 0.005827588493441358
-27 0.18648283179012345
-4 0.17482765480324075
-1 0.005827588493441358
-1 0.0
-27 0.09324141589506173
3 0.2097931857638889
15 0.02913794246720679
3 0.023310353973765432
-27 0.011655176986882716
-6 0.005827588493441358
3 0.0
-39 0.005827588493441358
-34 0.0
-27 0.0
1 0.2622414822048611
-27 0.011655176986882716
-6 0.2622414822048611
1 0.0
-27 0.023310353973765432
-1 0.25641389371141976
-1 0.005827588493441358
-27 0.011655176986882716
11 0.25641389371141976
23 0.0
-28 0.017482765480324073
-8 0.0
-1 0.0
-40 0.011655176986882716
-31 0.0
-27 0.0
-27 0.27389665919174383
-9 0.005827588493441358
-8 0.2680690706983025
-27 0.011655176986882716
-1 0.2680690706983025
-40 0.011655176986882716
-34 0.0
-27 0.0
-8 0.005827588493441358
-27 0.2680690706983025
3 0.0
-1 0.005827588493441358
3 0.0
-39 0.0
-34 0.0
-27 0.0
-8 0.27389665919174383
-27 0.0
4 0.2680690706983025
4 0.005827588493441358
-27 0.011655176986882716
-1 0.2622414822048611
-27 0.011655176986882716
-35 0.005827588493441358
-1 0.0
-28 0.2622414822048611
-40 0.017482765480324073
-31 0.0
-27 0.0
-15 0.0
-8 0.25058630521797837
-27 0.023310353973765432
-27 0.28555183617862656
-27 0.27389665919174383
16 0.23893112823109566
-23 0.023310353973765432
4 0.0
-4 0.0
-8 0.017482765480324073
-4 0.0
-35 0.005827588493441358
-34 0.0
-27 0.0
-27 0.27389665919174383
1 0.27972424768518517
-27 0.005827588493441358
-13 0.27389665919174383
-27 0.0
18 0.24475871672453703
6 0.005827588493441358
-30 0.02913794246720679
-8 0.0
-6 0.005827588493441358
-42 0.0
-31 0.0
-27 0.0
-11 0.005827588493441358
-27 0.2680690706983025
-6 0.27389665919174383
-14 0.011655176986882716
-27 0.0
-4 0.2680690706983025
-42 0.011655176986882716
-34 0.0
-27 0.0
9 0.22727595124421296
21 0.0
-3 0.040793119454089505
-22 0.0
-11 0.0
-3 0.005827588493441358
-34 0.005827588493441358
-34 0.0
-27 0.0
-31 0.27972424768518517
20 0.2097931857638889
8 0.005827588493441358
-4 0.040793119454089505
-4 0.011655176986882716
-31 0.011655176986882716
3 0.0
-27 0.27389665919174383
-34 0.005827588493441358
-34 0.0
18 0.25641389371141976
-1 0.0
-15 0.011655176986882716
-6 0.0
6 0.0
-25 0.011655176986882716
-37 0.0
-34 0.0
-27 0.0
-15 0.0
-6 0.005827588493441358
-3 0.034965530960648146
-4 0.05827588493441358
-6 0.06993106192129629
-8 0.07575865041473766
-8 0.017482765480324073
-31 0.017482765480324073
-9 0.034965530960648146
-11 0.06410347342785494
-13 0.06993106192129629
-15 0.06410347342785494
23 0.023310353973765432
11 0.0
-13 0.011655176986882716
-37 0.011655176986882716
-8 0.0
-12 0.0
-31 0.0
-16 0.023310353973765432
-13 0.011655176986882716
-14 0.023310353973765432
-15 0.040793119454089505
-18 0.0
-16 0.02913794246720679
-24 0.005827588493441358
-17 0.017482765480324073
-20 0.011655176986882716
-18 0.023310353973765432
-19 0.040793119454089505
-21 0.005827588493441358
-20 0.034965530960648146
-26 0.0
-6 0.005827588493441358
-23 0.02913794246720679
-21 0.005827588493441358
-22 0.040793119454089505
-25 0.02913794246720679
-23 0.017482765480324073
16 0.13986212384259258
0 0.011655176986882716
-8 0.005827588493441358
-24 0.005827588493441358
-17 0.0
-36 0.0
-5 0.0
-8 0.0
-34 0.0
-20 0.0
4 0.005827588493441358
-8 0.005827588493441358
0 0.0
-27 0.2622414822048611
-10 0.27972424768518517
-27 0.005827588493441358
-7 0.2622414822048611
-7 0.0
-15 0.005827588493441358
-27 0.005827588493441358
17 0.023310353973765432
-3 0.23310353973765433
5 0.005827588493441358
-31 0.023310353973765432
-27 0.0
16 0.25641389371141976
-8 0.0
-8 0.005827588493441358
-27 0.011655176986882716
11 0.005827588493441358
-12 0.24475871672453703
12 0.005827588493441358
-12 0.005827588493441358
-27 0.023310353973765432
11 0.0
7 0.24475871672453703
-17 0.005827588493441358
-17 0.011655176986882716
-36 0.017482765480324073
-34 0.0
-27 0.0
12 0.0
-5 0.2097931857638889
7 0.0
4 0.011655176986882716
-24 0.046620707947530864
-36 0.011655176986882716
-34 0.0
-27 0.0
-27 0.27389665919174383
-27 0.28555183617862656
19 0.2214483627507716
19 0.046620707947530864
-27 0.005827588493441358
-5 0.011655176986882716
16 0.2622414822048611
4 0.005827588493441358
-31 0.005827588493441358
-27 0.0
-15 0.0
-27 0.27389665919174383
17 0.005827588493441358
11 0.0
-7 0.005827588493441358
14 0.25641389371141976
-27 0.017482765480324073
11 0.0
2 0.005827588493441358
-18 0.16900006630979938
-19 0.034965530960648146
16 0.05244829644097222
-20 0.011655176986882716
-27 0.0
-8 0.005827588493441358
12 0.0
-21 0.034965530960648146
-22 0.05244829644097222
16 0.12820694685570988
4 0.005827588493441358
-5 0.0
0 0.011655176986882716
-5 0.040793119454089505
12 0.0
-24 0.005827588493441358
-17 0.0
-8 0.0
-36 0.0
-34 0.0
-27 0.0
-17 0.2680690706983025
-27 0.005827588493441358
-15 0.1107241813753858
-12 0.13986212384259258
-27 0.034965530960648146
-10 0.12820694685570988
17 0.09906900438850308
-8 0.017482765480324073
-12 0.02913794246720679
-7 0.0
-15 0.0
-27 0.0
-3 0.22727595124421296
5 0.0
-27 0.05827588493441358
-39 0.0
-31 0.0
-27 0.0
16 0.20396559727044752
-8 0.06993106192129629
-10 0.0
4 0.0
-27 0.0
11 0.005827588493441358
-8 0.05827588493441358
12 0.16900006630979938
-12 0.046620707947530864
7 0.0
-5 0.005827588493441358
-27 0.0
11 0.0
-24 0.2622414822048611
-17 0.0
0 0.005827588493441358
-36 0.011655176986882716
-34 0.0
-27 0.0
12 0.0
12 0.005827588493441358
26 0.23893112823109566
-28 0.023310353973765432
-16 0.0
-7 0.0
-7 0.0
2 0.0
-40 0.011655176986882716
-16 0.0
0 0.0
14 0.0
-34 0.0
-27 0.0
-27 0.27389665919174383
-19 0.005827588493441358
0 0.24475871672453703
24 0.017482765480324073
-12 0.011655176986882716
12 0.0
0 0.005827588493441358
-27 0.0
-10 0.2680690706983025
0 0.0
-27 0.005827588493441358
12 0.011655176986882716
-31 0.25641389371141976
-10 0.005827588493441358
-7 0.0
-15 0.011655176986882716
-31 0.0
-16 0.27389665919174383
-24 0.005827588493441358
11 0.0
23 0.23893112823109566
-1 0.005827588493441358
-1 0.02913794246720679
-29 0.005827588493441358
-13 0.0
-7 0.0
-41 0.0
11 0.0
-26 0.0
11 0.0
-27 0.27389665919174383
-34 0.005827588493441358
12 0.0
0 0.10489659288194444
-1 0.08741382740162038
-10 0.040793119454089505
21 0.017482765480324073
-31 0.02913794246720679
-10 0.0
-43 0.0
-3 0.0
-34 0.0
-20 0.0
-15 0.005827588493441358
-3 0.0
9 0.011655176986882716
-27 0.25641389371141976
-15 0.27972424768518517
-27 0.005827588493441358
-8 0.13403453534915125
-3 0.12237935836226851
-27 0.017482765480324073
-15 0.011655176986882716
20 0.23893112823109566
-8 0.011655176986882716
-4 0.005827588493441358
-32 0.017482765480324073
-8 0.0
-44 0.0
-4 0.0
-31 0.0
-27 0.0
-13 0.2680690706983025
-27 0.005827588493441358
11 0.005827588493441358
-16 0.27972424768518517
-27 0.0
11 0.0
-5 0.2097931857638889
-6 0.06410347342785494
-34 0.005827588493441358
-27 0.0
12 0.0
-7 0.040793119454089505
-8 0.046620707947530864
-9 0.040793119454089505
-10 0.034965530960648146
-11 0.034965530960648146
-12 0.005827588493441358
24 0.017482765480324073
-12 0.011655176986882716
4 0.005827588493441358
-8 0.0
-15 0.02913794246720679
4 0.0
-8 0.005827588493441358
-10 0.005827588493441358
-39 0.0
-34 0.0
-27 0.0
-27 0.005827588493441358
-15 0.0
-8 0.12820694685570988
-12 0.10489659288194444
-3 0.005827588493441358
-5 0.017482765480324073
9 0.011655176986882716
-27 0.0
-3 0.25058630521797837
-1 0.017482765480324073
11 0.011655176986882716
-27 0.005827588493441358
0 0.2680690706983025
-27 0.005827588493441358
-39 0.005827588493441358
-12 0.25641389371141976
-8 0.0
0 0.0
-5 0.005827588493441358
-3 0.0
-29 0.0
-41 0.017482765480324073
12 0.0
-31 0.0
-27 0.0
-15 0.0
0 0.16900006630979938
7 0.09906900438850308
-27 0.005827588493441358
11 0.005827588493441358
2 0.2622414822048611
14 0.005827588493441358
-27 0.011655176986882716
11 0.0
10 0.27389665919174383
-27 0.0
12 0.005827588493441358
-7 0.24475871672453703
0 0.011655176986882716
-7 0.023310353973765432
-36 0.0
5 0.0
12 0.0
-34 0.0
-27 0.0
-24 0.005827588493441358
-14 0.0
-10 0.0
-3 0.0
0 0.0
-27 0.2680690706983025
10 0.011655176986882716
-27 0.27389665919174383
12 0.017482765480324073
7 0.25641389371141976
-27 0.0
-36 0.005827588493441358
-24 0.27972424768518517
-10 0.0
-7 0.0
-3 0.0
-36 0.0
12 0.0
-31 0.0
-27 0.0
-14 0.005827588493441358
0 0.0
7 0.12820694685570988
-5 0.12820694685570988
14 0.0
-27 0.011655176986882716
11 0.005827588493441358
7 0.12237935836226851
16 0.14568971233603395
-36 0.011655176986882716
-27 0.0
11 0.0
7 0.1107241813753858
17 0.13986212384259258
-34 0.02913794246720679
-27 0.0
12 0.0
7 0.1107241813753858
-34 0.02913794246720679
19 0.1107241813753858
-24 0.005827588493441358
-10 0.005827588493441358
-7 0.0
-5 0.0
0 0.0
-31 0.0
-14 0.005827588493441358
-36 0.011655176986882716
-31 0.005827588493441358
0 0.5011726104359567
-1 0.011655176986882716
-3 0.034965530960648146
-5 0.06410347342785494
-7 0.040793119454089505
-8 0.034965530960648146
-10 0.046620707947530864
21 0.040793119454089505
9 0.005827588493441358
-12 0.0
9 0.02913794246720679
-3 0.017482765480324073
-3 0.005827588493441358
-31 0.0
-13 0.017482765480324073
-15 0.08158623890817901
-17 0.07575865041473766
22 0.07575865041473766
-7 0.017482765480324073
10 0.005827588493441358
-10 0.0
10 0.0
-19 0.005827588493441358
-10 0.0
-2 0.0
-31 0.0
-2 0.005827588493441358
-12 0.011655176986882716
-13 0.05827588493441358
-15 0.05827588493441358
-17 0.046620707947530864
-19 0.034965530960648146
-20 0.040793119454089505
-22 0.040793119454089505
-24 0.040793119454089505
-22 0.034965530960648146
-25 0.005827588493441358
-27 0.046620707947530864
-29 0.046620707947530864
-7 0.08158623890817901
-31 0.0
-10 0.005827588493441358
-2 0.0
2 0.0
26 0.005827588493441358
14 0.0
14 0.005827588493441358
-24 0.17482765480324075
-16 0.05244829644097222
-17 0.06993106192129629
-18 0.046620707947530864
-19 0.040793119454089505
-20 0.034965530960648146
-21 0.023310353973765432
-22 0.02913794246720679
-23 0.02913794246720679
-24 0.040793119454089505
-8 0.005827588493441358
-5 0.0
-39 0.0
0 0.0
12 0.0
-34 0.0
-20 0.0
-27 0.005827588493441358
-10 0.0
0 0.0
-12 0.005827588493441358
12 0.0
24 0.005827588493441358
-27 0.25641389371141976
-27 0.28555183617862656
-7 0.2680690706983025
-27 0.005827588493441358
-12 0.2622414822048611
-24 0.005827588493441358
-32 0.017482765480324073
-31 0.0
-27 0.0
-2 0.2622414822048611
-27 0.011655176986882716
-20 0.005827588493441358
-27 0.27972424768518517
-12 0.2622414822048611
-32 0.017482765480324073
-34 0.0
-27 0.0
-3 0.2622414822048611
-19 0.005827588493441358
-7 0.0
-31 0.011655176986882716
-34 0.0
-27 0.0
-27 0.27389665919174383
-12 0.2622414822048611
-27 0.023310353973765432
-3 0.25641389371141976
-3 0.011655176986882716
-27 0.005827588493441358
-2 0.27389665919174383
-31 0.011655176986882716
-27 0.0
-15 0.0
-12 0.2680690706983025
-27 0.005827588493441358
2 0.27389665919174383
2 0.005827588493441358
-27 0.005827588493441358
-27 0.27389665919174383
-20 0.27972424768518517
0 0.0
-5 0.0
0 0.0
-32 0.005827588493441358
-34 0.0
-27 0.0
-12 0.2680690706983025
-27 0.005827588493441358
-5 0.25641389371141976
-5 0.017482765480324073
-27 0.011655176986882716
-5 0.2680690706983025
-2 0.0
-2 0.005827588493441358
-27 0.0
-20 0.27972424768518517
-32 0.005827588493441358
-31 0.0
-27 0.0
-12 0.2680690706983025
-5 0.0
-3 0.0
-27 0.005827588493441358
-27 0.28555183617862656
-3 0.005827588493441358
-7 0.25641389371141976
-36 0.017482765480324073
-34 0.0
-27 0.0
-24 0.005827588493441358
-3 0.0
9 0.23310353973765433
21 0.017482765480324073
-3 0.011655176986882716
-12 0.011655176986882716
-19 0.0
-31 0.0
-34 0.0
-27 0.0
-27 0.27389665919174383
7 0.22727595124421296
19 0.017482765480324073
-27 0.040793119454089505
-7 0.27389665919174383
-27 0.0
5 0.24475871672453703
17 0.017482765480324073
-12 0.005827588493441358
-3 0.0
-3 0.0
-31 0.005827588493441358
-43 0.011655176986882716
-31 0.0
-27 0.0
-15 0.0
-27 0.27389665919174383
-2 0.09324141589506173
-29 0.005827588493441358
-41 0.0
-2 0.0
4 0.14568971233603395
16 0.011655176986882716
-27 0.02913794246720679
-27 0.16900006630979938
0 0.011655176986882716
-39 0.005827588493441358
0 0.011655176986882716
-27 0.07575865041473766
24 0.2680690706983025
-26 0.005827588493441358
4 0.0
-5 0.005827588493441358
4 0.0
-38 0.005827588493441358
-34 0.0
-27 0.0
2 0.2622414822048611
-27 0.011655176986882716
2 0.23310353973765433
-5 0.02913794246720679
2 0.005827588493441358
-27 0.017482765480324073
0 0.2622414822048611
-27 0.011655176986882716
-38 0.005827588493441358
0 0.22727595124421296
-27 0.040793119454089505
-7 0.0
0 0.0
0 0.0
-39 0.011655176986882716
-31 0.0
-27 0.0
-27 0.27389665919174383
-12 0.005827588493441358
-7 0.2680690706983025
-27 0.011655176986882716
0 0.2680690706983025
-39 0.011655176986882716
-34 0.0
-27 0.0
-7 0.005827588493441358
4 0.18648283179012345
-26 0.08158623890817901
0 0.005827588493441358
4 0.0
-38 0.0
-34 0.0
-27 0.0
4 0.011655176986882716
-7 0.2622414822048611
-27 0.0
5 0.24475871672453703
5 0.023310353973765432
5 0.011655176986882716
-27 0.005827588493441358
0 0.2622414822048611
0 0.0
-27 0.011655176986882716
-38 0.005827588493441358
0 0.011655176986882716
-27 0.25058630521797837
-39 0.017482765480324073
-31 0.0
-27 0.0
-15 0.0
-7 0.25058630521797837
-27 0.023310353973765432
0 0.25641389371141976
-27 0.02913794246720679
-7 0.24475871672453703
4 0.02913794246720679
-27 0.0
-39 0.005827588493441358
9 0.23310353973765433
-7 0.023310353973765432
-3 0.0
-22 0.0
-12 0.005827588493441358
-34 0.017482765480324073
5 0.0
-34 0.0
-20 0.0
-27 0.27389665919174383
-27 0.28555183617862656
5 0.2680690706983025
-27 0.005827588493441358
21 0.22727595124421296
-3 0.040793119454089505
-7 0.005827588493441358
-13 0.0
-10 0.0
4 0.0
-29 0.005827588493441358
-41 0.005827588493441358
-31 0.0
-12 0.0
2 0.08741382740162038
0 0.11655176986882716
7 0.02913794246720679
-27 0.040793119454089505
19 0.21562077425733026
-5 0.034965530960648146
-27 0.034965530960648146
-22 0.27972424768518517
-41 0.0
0 0.0
-34 0.0
-27 0.0
12 0.20396559727044752
24 0.040793119454089505
-5 0.017482765480324073
-7 0.005827588493441358
-24 0.0
-14 0.0
-36 0.011655176986882716
0 0.0
-34 0.0
-20 0.0
-8 0.2622414822048611
-27 0.011655176986882716
-12 0.2622414822048611
-27 0.023310353973765432
3 0.0
-3 0.2622414822048611
-12 0.005827588493441358
-3 0.011655176986882716
-34 0.0
-31 0.0
-27 0.17482765480324075
-25 0.05244829644097222
-2 0.040793119454089505
-10 0.005827588493441358
-24 0.005827588493441358
-2 0.0
-34 0.0
-31 0.0
-15 0.0
-24 0.017482765480324073
-22 0.05827588493441358
-20 0.05827588493441358
-19 0.05244829644097222
-17 0.05244829644097222
-22 0.017482765480324073
-24 0.023310353973765432
-15 0.005827588493441358
-13 0.05244829644097222
-12 0.05244829644097222
-10 0.040793119454089505
-8 0.05244829644097222
-7 0.046620707947530864
-19 0.005827588493441358
-7 0.017482765480324073
2 0.005827588493441358
-26 0.0
2 0.005827588493441358
-5 0.017482765480324073
-3 0.046620707947530864
-1 0.046620707947530864
0 0.05244829644097222
2 0.046620707947530864
-24 0.02913794246720679
4 0.023310353973765432
-34 0.011655176986882716
-23 0.0
5 0.034965530960648146
7 0.05827588493441358
9 0.046620707947530864
11 0.05827588493441358
24 0.06410347342785494
12 0.0
-32 0.005827588493441358
12 0.0
0 0.0
-8 0.011655176986882716
0 0.0
-34 0.0
-25 0.0
-20 0.0
-24 0.005827588493441358
-36 0.25058630521797837
-27 0.017482765480324073
-41 0.2680690706983025
-8 0.017482765480324073
-27 0.0
-5 0.005827588493441358
-12 0.25641389371141976
-27 0.011655176986882716
-36 0.005827588493441358
-8 0.27972424768518517
-32 0.0
-31 0.0
-27 0.0
-5 0.005827588493441358
-27 0.2680690706983025
-5 0.2680690706983025
-24 0.005827588493441358
-2 0.0
-27 0.011655176986882716
-12 0.27389665919174383
-20 0.005827588493441358
-32 0.0
-34 0.0
-27 0.0
-3 0.2622414822048611
-19 0.005827588493441358
-7 0.0
-31 0.011655176986882716
-34 0.0
-27 0.0
-12 0.25641389371141976
-27 0.017482765480324073
-28 0.005827588493441358
-3 0.2622414822048611
-27 0.017482765480324073
-24 0.0
-7 0.25641389371141976
0 0.005827588493441358
-3 0.0
-19 0.011655176986882716
-27 0.0
-19 0.005827588493441358
-7 0.2622414822048611
5 0.0
-2 0.011655176986882716
-31 0.005827588493441358
-31 0.0
-27 0.0
-15 0.0
-27 0.27389665919174383
-7 0.27972424768518517
2 0.0
-34 0.005827588493441358
2 0.0
-27 0.0
-27 0.27389665919174383
0 0.2680690706983025
0 0.011655176986882716
-8 0.0
-20 0.005827588493441358
-32 0.0
-34 0.0
-27 0.0
-12 0.2680690706983025
-27 0.005827588493441358
-5 0.25641389371141976
-5 0.017482765480324073
-27 0.011655176986882716
-5 0.2680690706983025
-2 0.0
-2 0.0
-20 0.005827588493441358
-27 0.0
-32 0.005827588493441358
22 0.2214483627507716
10 0.005827588493441358
-23 0.05244829644097222
-35 0.0
-31 0.0
-27 0.0
-3 0.27389665919174383
-27 0.0
-3 0.2680690706983025
-11 0.005827588493441358
-27 0.011655176986882716
-27 0.0
-8 0.2622414822048611
-3 0.011655176986882716
-39 0.005827588493441358
-34 0.0
-27 0.0
9 0.23310353973765433
21 0.005827588493441358
-22 0.017482765480324073
-15 0.005827588493441358
-34 0.017482765480324073
-34 0.0
-27 0.0
-8 0.2680690706983025
-27 0.005827588493441358
-28 0.005827588493441358
-7 0.25641389371141976
-27 0.023310353973765432
-24 0.0
-27 0.27389665919174383
-19 0.005827588493441358
9 0.2214483627507716
-24 0.034965530960648146
-7 0.0
-3 0.005827588493441358
21 0.005827588493441358
-3 0.005827588493441358
-36 0.005827588493441358
-31 0.0
-27 0.0
-15 0.0
-27 0.27389665919174383
10 0.08158623890817901
-5 0.011655176986882716
-2 0.0
22 0.0
-2 0.005827588493441358
-27 0.18648283179012345
12 0.16317247781635802
-3 0.011655176986882716
24 0.0
0 0.005827588493441358
0 0.0
-27 0.09324141589506173
4 0.2622414822048611
-26 0.011655176986882716
-5 0.005827588493441358
4 0.0
-38 0.005827588493441358
-34 0.0
-20 0.0
2 0.2622414822048611
-27 0.011655176986882716
-5 0.2622414822048611
2 0.0
-27 0.023310353973765432
0 0.25641389371141976
0 0.005827588493441358
-27 0.011655176986882716
-38 0.005827588493441358
-27 0.2680690706983025
-7 0.0
0 0.0
-39 0.011655176986882716
-31 0.0
-27 0.0
-27 0.27389665919174383
-8 0.005827588493441358
-7 0.2680690706983025
-27 0.011655176986882716
0 0.2680690706983025
-39 0.011655176986882716
-34 0.0
-27 0.0
-17 0.0
-7 0.005827588493441358
-26 0.2680690706983025
4 0.0
0 0.005827588493441358
4 0.0
-38 0.0
-34 0.0
-27 0.0
-17 0.0
-7 0.27389665919174383
-27 0.0
-28 0.005827588493441358
5 0.2622414822048611
5 0.005827588493441358
-27 0.011655176986882716
-24 0.0
0 0.2622414822048611
-27 0.011655176986882716
-36 0.005827588493441358
0 0.0
-19 0.0
-27 0.2680690706983025
-39 0.011655176986882716
-31 0.0
-27 0.0
-15 0.0
-7 0.25058630521797837
-27 0.023310353973765432
-24 0.005827588493441358
-27 0.27972424768518517
-26 0.0
-17 0.0
-27 0.27389665919174383
-39 0.005827588493441358
4 0.25641389371141976
4 0.005827588493441358
16 0.005827588493441358
0 0.011655176986882716
-38 0.0
-34 0.0
-27 0.0
-20 0.0
-26 0.005827588493441358
-4 0.0
4 0.0
-27 0.2680690706983025
2 0.27972424768518517
5 0.005827588493441358
-27 0.0
2 0.005827588493441358
17 0.23310353973765433
-27 0.034965530960648146
4 0.2214483627507716
16 0.046620707947530864
-27 0.011655176986882716
-8 0.0
0 0.0
-39 0.005827588493441358
-31 0.0
-27 0.0
-5 0.005827588493441358
0 0.0
-3 0.005827588493441358
-27 0.2622414822048611
-7 0.28555183617862656
-43 0.0
-27 0.0
-31 0.005827588493441358
-7 0.2622414822048611
-34 0.011655176986882716
-27 0.0
-17 0.0
-11 0.27389665919174383
-8 0.005827588493441358
-3 0.0
-35 0.0
-34 0.0
-27 0.0
-17 0.0
-23 0.005827588493441358
-5 0.0
-3 0.005827588493441358
-27 0.2622414822048611
0 0.10489659288194444
-27 0.1806552432966821
2 0.19231042028356482
-27 0.08158623890817901
17 0.22727595124421296
5 0.011655176986882716
-22 0.02913794246720679
-12 0.0
-7 0.0
-7 0.005827588493441358
-34 0.011655176986882716
-31 0.0
-15 0.0
-5 0.2680690706983025
-24 0.011655176986882716
-3 0.2622414822048611
-39 0.017482765480324073
-26 0.0
-27 0.27389665919174383
9 0.24475871672453703
21 0.005827588493441358
-29 0.011655176986882716
-3 0.005827588493441358
-12 0.011655176986882716
-7 0.0
-3 0.0
-41 0.005827588493441358
-34 0.0
-27 0.0
-20 0.0
-27 0.27389665919174383
0 0.11655176986882716
-27 0.16900006630979938
2 0.19813800877700616
-27 0.07575865041473766
5 0.23310353973765433
17 0.011655176986882716
-7 0.023310353973765432
-29 0.011655176986882716
-13 0.0
-5 0.005827588493441358
-31 0.0
-27 0.0
-10 0.005827588493441358
-27 0.2680690706983025
-27 0.28555183617862656
-3 0.27389665919174383
-34 0.005827588493441358
-23 0.0
-2 0.2680690706983025
-21 0.0
-10 0.0
-7 0.005827588493441358
-33 0.005827588493441358
-2 0.0
-34 0.0
-27 0.0
-17 0.0
-27 0.27389665919174383
-3 0.27389665919174383
-3 0.005827588493441358
-10 0.005827588493441358
-18 0.06993106192129629
-10 0.07575865041473766
-18 0.06410347342785494
-9 0.06993106192129629
-10 0.005827588493441358
-18 0.06410347342785494
-10 0.05827588493441358
-18 0.05244829644097222
-10 0.08158623890817901
-5 0.005827588493441358
-24 0.011655176986882716
-10 0.0
-5 0.0
-36 0.0
-15 0.0
-14 0.005827588493441358
-18 0.05244829644097222
-10 0.05827588493441358
-18 0.06993106192129629
-10 0.06993106192129629
-18 0.06410347342785494
-10 0.06993106192129629
-18 0.05827588493441358
-10 0.06410347342785494
-7 0.046620707947530864
17 0.0
-7 0.011655176986882716
-18 0.017482765480324073
-10 0.06410347342785494
-18 0.07575865041473766
-10 0.05827588493441358
-18 0.06993106192129629
-10 0.05827588493441358
-18 0.05827588493441358
-10 0.06410347342785494
-22 0.08158623890817901
-34 0.0
-7 0.0
-20 0.0
-15 0.2913794246720679
-8 0.27972424768518517
-7 0.28555183617862656
-3 0.25058630521797837
-12 0.011655176986882716
2 0.27389665919174383
2 0.005827588493441358
-9 0.0
4 0.2622414822048611
4 0.011655176986882716
5 0.27389665919174383
5 0.017482765480324073
-18 0.09906900438850308
-25 0.046620707947530864
-10 0.0
-19 0.034965530960648146
-18 0.017482765480324073
-10 0.023310353973765432
-15 0.023310353973765432
-37 0.02913794246720679
-14 0.0
-10 0.0
12 0.005827588493441358
-3 0.22727595124421296
2 0.30303460165895063
3 0.023310353973765432
14 0.011655176986882716
9 0.2214483627507716
2 0.08158623890817901
5 0.06993106192129629
9 0.05827588493441358
14 0.08741382740162038
14 0.017482765480324073
-3 1.9580697337962962
-3 0.011655176986882716
-2 0.28555183617862656
-2 0.005827588493441358
2 0.553620906876929
2 0.0
-10 0.40793119454089505
-8 0.07575865041473766
-5 0.023310353973765432
0 0.011655176986882716
0 0.02913794246720679
-27 0.005827588493441358
-18 0.0
1 0.0
0 0.034965530960648146
1 0.24475871672453703
1 0.27972424768518517
-12 0.27389665919174383
1 0.005827588493441358
-5 0.25641389371141976
-3 0.023310353973765432
-12 0.2680690706983025
-8 0.28555183617862656
-5 0.0
-7 0.27389665919174383
-7 0.28555183617862656
-26 0.005827588493441358
-14 0.0
-10 0.005827588493441358
-3 0.0
-3 0.8100348005883488
-3 0.02913794246720679
-2 0.25058630521797837
-2 0.040793119454089505
-12 0.24475871672453703
11 0.017482765480324073
2 0.2622414822048611
2 0.005827588493441358
12 0.011655176986882716
0 0.5303105529031635
0 0.005827588493441358
-10 0.005827588493441358
-8 0.0
-5 0.0
-27 0.017482765480324073
1 0.0
1 0.27972424768518517
-10 0.25641389371141976
1 0.023310353973765432
-7 0.2680690706983025
1 0.011655176986882716
-17 0.2622414822048611
-3 0.011655176986882716
-8 0.27389665919174383
-5 0.09906900438850308
-17 0.19813800877700616
-7 0.16317247781635802
-10 0.10489659288194444
-12 0.2680690706983025
-26 0.017482765480324073
-14 0.0
-10 0.005827588493441358
-3 0.0
-3 0.8100348005883488
5 0.017482765480324073
-2 0.2622414822048611
4 0.011655176986882716
-12 0.27389665919174383
2 0.005827588493441358
11 0.011655176986882716
2 0.2622414822048611
0 0.017482765480324073
12 0.0
-18 0.38462084056712964
-10 0.046620707947530864
-18 0.05244829644097222
0 0.046620707947530864
-27 0.011655176986882716
-10 0.0
-8 0.0
-5 0.0
0 0.017482765480324073
-14 0.0
-10 0.0
1 0.0
1 0.27972424768518517
1 0.27972424768518517
1 0.27972424768518517
-7 0.2622414822048611
-7 0.011655176986882716
-8 0.30886219015239197
-12 0.06410347342785494
-10 0.30303460165895063
-7 0.05244829644097222
-12 0.3146897786458333
-14 0.017482765480324073
-10 0.02913794246720679
-7 0.0
-24 0.005827588493441358
-3 0.005827588493441358
-7 0.0
-18 0.023310353973765432
-3 1.1130694022472993
-3 0.3962760175540123
-8 0.33800013261959877
-5 0.034965530960648146
-8 0.35548289809992284
-14 0.017482765480324073
-19 0.5011726104359567
-17 0.02913794246720679
3 0.011655176986882716
-15 0.09324141589506173
-14 0.08741382740162038
-12 0.06993106192129629
-10 0.06993106192129629
-8 0.08158623890817901
-7 0.06410347342785494
-5 0.07575865041473766
-3 0.06410347342785494
-2 0.06993106192129629
0 0.06410347342785494
2 0.06410347342785494
-9 0.034965530960648146
4 0.023310353973765432
5 0.05827588493441358
7 0.05827588493441358
9 0.05827588493441358
10 0.05244829644097222
12 0.05244829644097222
14 0.046620707947530864
16 0.05827588493441358
17 0.040793119454089505
19 0.05244829644097222
21 0.05244829644097222
22 0.05827588493441358
24 0.05827588493441358
26 0.05827588493441358
28 0.06410347342785494
-3 0.011655176986882716
17 0.023310353973765432
-19 0.011655176986882716
-12 0.0
-18 0.0
-3 0.011655176986882716
29 0.005827588493441358
-12 0.25058630521797837
-5 0.2680690706983025
-10 0.27389665919174383
-2 0.0
-18 0.02913794246720679
-18 0.27972424768518517
-3 0.2622414822048611
-7 0.27389665919174383
-12 0.27389665919174383
-19 0.29720701316550924
-12 0.2680690706983025
-7 0.27972424768518517
0 0.25058630521797837
-12 0.02913794246720679
0 0.005827588493441358
-18 0.017482765480324073
9 0.2680690706983025
9 0.0
-18 0.011655176986882716
-2 0.27389665919174383
-2 0.0
7 0.27389665919174383
7 0.005827588493441358
-3 0.27972424768518517
-3 0.005827588493441358
-18 0.0
0 0.27389665919174383
5 0.0
-19 0.005827588493441358
-12 0.0
5 0.0
-3 0.0
-18 0.0
-12 0.25641389371141976
-5 0.27972424768518517
-7 0.29720701316550924
-2 0.0
-10 0.0
-18 0.28555183617862656
-3 0.27389665919174383
-7 0.27972424768518517
-19 0.2680690706983025
-12 0.0
-22 0.28555183617862656
-7 0.0
-3 0.0
-14 0.2913794246720679
-7 0.27389665919174383
3 0.005827588493441358
-5 0.2680690706983025
-8 0.27972424768518517
-5 0.0
-20 0.005827588493441358
19 0.005827588493441358
-12 0.27389665919174383
-9 0.005827588493441358
0 0.28555183617862656
12 0.034965530960648146
-2 0.23310353973765433
-18 0.1107241813753858
-10 0.046620707947530864
-31 0.017482765480324073
-15 0.034965530960648146
-18 0.0
-24 0.05244829644097222
-14 0.023310353973765432
-10 0.0
-7 0.011655176986882716
-19 0.005827588493441358
-3 0.011655176986882716
-19 0.005827588493441358
-12 0.0
-12 0.0
-5 0.0
-7 0.034965530960648146
-3 0.011655176986882716
