19 2.0
18 0.06770833333333333
17 0.09375
16 0.078125
17 0.08333333333333333
16 0.08072916666666666
15 0.09895833333333333
14 0.06510416666666666
15 0.06770833333333333
14 0.0703125
13 0.09114583333333333
12 0.078125
11 0.08854166666666666
10 0.08333333333333333
9 0.07291666666666666
8 0.07291666666666666
7 0.078125
6 0.0625
5 0.0859375
4 0.0859375
5 0.08333333333333333
4 0.078125
3 0.08072916666666666
2 0.06770833333333333
3 0.078125
2 0.0703125
1 0.07291666666666666
0 0.08333333333333333
-1 0.08854166666666666
-2 0.08072916666666666
-3 0.06510416666666666
-4 0.07291666666666666
-5 0.1015625
-6 0.0546875
-7 0.08072916666666666
-8 0.0703125
-7 0.09375
-8 0.078125
-9 0.08333333333333333
-10 0.0703125
-5 0.0703125
-6 0.05989583333333333
-7 0.08333333333333333
-8 0.09114583333333333
-7 0.1171875
-8 0.07291666666666666
-9 0.08072916666666666
-10 0.08072916666666666
-5 0.10416666666666666
-6 0.049479166666666664
-7 0.078125
-8 0.08072916666666666
-7 0.09895833333333333
-8 0.07552083333333333
-9 0.08333333333333333
-10 0.078125
-5 0.09375
-6 0.049479166666666664
-7 0.06770833333333333
-8 0.078125
-7 0.09895833333333333
-8 0.05989583333333333
-9 0.07552083333333333
-10 0.0859375
-5 0.109375
-17 0.0
-24 0.0026041666666666665
-9 0.0078125
-6 0.08333333333333333
-7 0.03645833333333333
-8 0.09895833333333333
-9 0.078125
-4 0.109375
-5 0.04427083333333333
-6 0.08072916666666666
-9 0.0859375
-24 0.0078125
-5 0.005208333333333333
-17 0.013020833333333332
-6 0.033854166666666664
-7 0.09114583333333333
-8 0.0859375
-9 0.09635416666666666
-12 0.0
-15 0.015625
-19 0.0078125
-8 0.03645833333333333
-7 0.10416666666666666
-6 0.06510416666666666
-9 0.09895833333333333
-5 0.005208333333333333
-24 0.0078125
-17 0.0078125
-6 0.07552083333333333
-7 0.04427083333333333
-8 0.09895833333333333
-9 0.07552083333333333
-4 0.09114583333333333
-5 0.0703125
-6 0.078125
-5 0.09114583333333333
-9 0.0026041666666666665
-24 0.0
-17 0.0
-6 0.049479166666666664
-7 0.1015625
-8 0.078125
-9 0.1171875
-12 0.0078125
-15 0.0
-19 0.0078125
-8 0.046875
-7 0.08333333333333333
-6 0.0703125
-24 0.08854166666666666
-17 0.005208333333333333
-9 0.0
-5 0.0026041666666666665
-6 0.09635416666666666
-7 0.05989583333333333
-8 0.0703125
-7 0.06510416666666666
-12 0.015625
-16 0.013020833333333332
-8 0.033854166666666664
-9 0.0859375
-10 0.06770833333333333
-9 0.0859375
-17 0.013020833333333332
-12 0.0
-8 0.07552083333333333
-7 0.0859375
-6 0.0859375
-13 0.0703125
-5 0.010416666666666666
-10 0.0078125
-4 0.07552083333333333
-5 0.07291666666666666
-6 0.08333333333333333
-5 0.0859375
-12 0.0
-17 0.015625
-21 0.005208333333333333
-6 0.0390625
-7 0.10416666666666666
-8 0.09375
-7 0.0546875
-28 0.0026041666666666665
-19 0.0
-24 0.005208333333333333
-8 0.0859375
-9 0.09635416666666666
-10 0.07291666666666666
-21 0.06510416666666666
-24 0.0026041666666666665
-9 0.0026041666666666665
-29 0.0026041666666666665
-8 0.09895833333333333
-7 0.07552083333333333
-6 0.078125
-22 0.0625
-31 0.013020833333333332
-29 0.005208333333333333
-5 0.005208333333333333
-3 0.08333333333333333
-2 0.078125
-1 0.08072916666666666
-32 0.06510416666666666
0 0.013020833333333332
-24 0.015625
-17 0.0
-1 0.09114583333333333
-2 0.049479166666666664
-3 0.08854166666666666
-31 0.018229166666666664
-24 0.0234375
-4 0.0625
-16 0.0026041666666666665
1 0.078125
0 0.0625
-1 0.08333333333333333
0 0.0859375
-1 0.06770833333333333
-2 0.09635416666666666
-3 0.08333333333333333
-19 0.07291666666666666
-14 0.0078125
-10 0.0026041666666666665
-4 0.005208333333333333
-3 0.06770833333333333
-2 0.08072916666666666
-1 0.0703125
-7 0.09375
0 0.0026041666666666665
-12 0.013020833333333332
-16 0.0078125
-1 0.07552083333333333
-2 0.0546875
-3 0.09635416666666666
-4 0.08854166666666666
1 0.07552083333333333
0 0.07552083333333333
-1 0.0625
-12 0.08854166666666666
0 0.0
-28 0.015625
-19 0.005208333333333333
-1 0.03125
-2 0.09114583333333333
-3 0.09114583333333333
-4 0.078125
-10 0.0078125
-14 0.0026041666666666665
-19 0.013020833333333332
-3 0.0625
-2 0.0703125
-1 0.08072916666666666
0 0.08072916666666666
-12 0.0078125
-7 0.005208333333333333
-1 0.0703125
-2 0.0546875
-3 0.109375
-8 0.07291666666666666
-2 0.0026041666666666665
-11 0.005208333333333333
-3 0.0625
-5 0.1640625
-4 0.09114583333333333
-9 0.0026041666666666665
-12 0.0078125
-3 0.06510416666666666
-2 0.09375
-1 0.0625
0 0.09635416666666666
-8 0.005208333333333333
-17 0.005208333333333333
-14 0.0
1 0.06510416666666666
0 0.07291666666666666
-1 0.07552083333333333
0 0.08854166666666666
-7 0.0
-12 0.0026041666666666665
-16 0.010416666666666666
-1 0.057291666666666664
-2 0.08333333333333333
-3 0.10677083333333333
-2 0.041666666666666664
-14 0.033854166666666664
-23 0.0026041666666666665
-19 0.005208333333333333
-3 0.05208333333333333
-4 0.09114583333333333
-5 0.07552083333333333
-16 0.08333333333333333
-4 0.0
-24 0.0078125
-19 0.005208333333333333
-3 0.06770833333333333
-2 0.078125
-1 0.0703125
0 0.08333333333333333
-20 0.013020833333333332
-17 0.0026041666666666665
-26 0.013020833333333332
1 0.057291666666666664
0 0.08333333333333333
-1 0.09635416666666666
-28 0.06770833333333333
-19 0.0
-24 0.005208333333333333
0 0.005208333333333333
-12 0.10416666666666666
-13 0.07291666666666666
-12 0.07552083333333333
-13 0.0703125
-12 0.09114583333333333
-13 0.0703125
-12 0.0859375
-13 0.06510416666666666
-11 0.005208333333333333
1 0.08854166666666666
-12 0.0
-13 0.0859375
-11 0.0026041666666666665
1 0.07291666666666666
-12 0.0026041666666666665
-11 0.08854166666666666
-13 0.0078125
-12 0.0625
1 0.010416666666666666
-11 0.10416666666666666
-13 0.010416666666666666
1 0.020833333333333332
0 0.13802083333333331
-12 0.0078125
0 0.078125
-1 0.109375
0 0.07291666666666666
-1 0.0703125
0 0.0703125
-1 0.08333333333333333
0 0.06770833333333333
1 0.09375
-1 0.0
0 0.0625
13 0.0026041666666666665
2 0.033854166666666664
1 0.07552083333333333
-1 0.0078125
0 0.049479166666666664
13 0.005208333333333333
1 0.08072916666666666
-1 0.0026041666666666665
13 0.08072916666666666
0 0.0026041666666666665
1 0.10416666666666666
-1 0.018229166666666664
13 0.0390625
0 0.1015625
1 0.09375
0 0.09635416666666666
-1 0.049479166666666664
0 0.08854166666666666
1 0.08333333333333333
0 0.06770833333333333
-1 0.1015625
-12 0.057291666666666664
0 0.020833333333333332
1 0.0859375
-13 0.03645833333333333
-11 0.0026041666666666665
0 0.041666666666666664
-1 0.05989583333333333
-10 0.0625
0 0.010416666666666666
-14 0.005208333333333333
1 0.08854166666666666
-9 0.03645833333333333
-15 0.026041666666666664
-1 0.08333333333333333
-8 0.07291666666666666
-12 0.013020833333333332
-16 0.005208333333333333
0 0.0026041666666666665
1 0.11458333333333333
2 0.0625
3 0.11979166666666666
4 0.0703125
12 0.0026041666666666665
3 0.07291666666666666
13 0.0
2 0.05989583333333333
14 0.0078125
1 0.05208333333333333
15 0.010416666666666666
0 0.07552083333333333
16 0.0078125
1 0.09375
15 0.005208333333333333
2 0.078125
14 0.0
13 0.09114583333333333
3 0.0
12 0.0703125
4 0.0
3 0.1015625
2 0.07552083333333333
1 0.08854166666666666
-7 0.09635416666666666
0 0.0078125
-15 0.0026041666666666665
-12 0.0
-8 0.1953125
-7 0.09375
-8 0.078125
-7 0.057291666666666664
-8 0.1015625
-7 0.07552083333333333
-6 0.08854166666666666
-8 0.0026041666666666665
6 0.078125
-7 0.010416666666666666
-6 0.09114583333333333
-8 0.010416666666666666
-7 0.0546875
6 0.0078125
-8 0.0859375
-6 0.0026041666666666665
-7 0.09895833333333333
6 0.005208333333333333
-6 0.0859375
-8 0.013020833333333332
6 0.020833333333333332
-7 0.14322916666666666
5 0.013020833333333332
5 0.09635416666666666
4 0.078125
5 0.09114583333333333
4 0.06770833333333333
5 0.08333333333333333
4 0.07552083333333333
5 0.08072916666666666
6 0.08333333333333333
4 0.0
5 0.07552083333333333
18 0.0078125
7 0.04427083333333333
6 0.0390625
4 0.010416666666666666
5 0.0703125
18 0.005208333333333333
6 0.07291666666666666
4 0.0026041666666666665
18 0.0703125
5 0.0078125
6 0.0859375
4 0.018229166666666664
18 0.0546875
5 0.11197916666666666
6 0.09375
5 0.0625
4 0.08854166666666666
5 0.08854166666666666
6 0.09114583333333333
5 0.08072916666666666
4 0.0703125
-7 0.06770833333333333
5 0.013020833333333332
6 0.07291666666666666
-6 0.05208333333333333
-8 0.0078125
5 0.0703125
4 0.026041666666666664
-5 0.07291666666666666
-9 0.010416666666666666
5 0.026041666666666664
6 0.05989583333333333
-4 0.06770833333333333
5 0.0
-10 0.013020833333333332
4 0.05208333333333333
-3 0.10416666666666666
5 0.0078125
-7 0.0078125
-11 0.0
6 0.109375
7 0.07552083333333333
8 0.09375
17 0.05989583333333333
9 0.005208333333333333
18 0.08854166666666666
8 0.010416666666666666
19 0.05989583333333333
7 0.0078125
20 0.09895833333333333
6 0.005208333333333333
21 0.07291666666666666
5 0.013020833333333332
20 0.07552083333333333
6 0.018229166666666664
19 0.0546875
7 0.0078125
18 0.078125
8 0.013020833333333332
17 0.06510416666666666
9 0.0078125
8 0.109375
7 0.0625
6 0.11197916666666666
-2 0.07291666666666666
-11 0.013020833333333332
-7 0.0026041666666666665
5 0.0
-14 0.0
4 0.09114583333333333
3 0.0859375
2 0.07291666666666666
1 0.078125
18 0.10416666666666666
6 0.08072916666666666
17 0.010416666666666666
16 0.0859375
17 0.0859375
5 0.015625
16 0.0703125
15 0.07552083333333333
14 0.0859375
13 0.09635416666666666
9 0.0078125
6 0.010416666666666666
14 0.078125
15 0.09635416666666666
16 0.0703125
17 0.08072916666666666
8 0.0078125
5 0.013020833333333332
1 0.005208333333333333
16 0.06770833333333333
15 0.08854166666666666
14 0.06770833333333333
15 0.078125
6 0.005208333333333333
3 0.005208333333333333
-3 0.015625
14 0.049479166666666664
13 0.06510416666666666
12 0.08333333333333333
13 0.1015625
-2 0.018229166666666664
5 0.0
1 0.010416666666666666
14 0.0625
15 0.09375
16 0.0625
15 0.08072916666666666
4 0.0026041666666666665
-4 0.015625
0 0.0
16 0.08072916666666666
5 0.033854166666666664
17 0.05208333333333333
6 0.010416666666666666
18 0.05989583333333333
7 0.0703125
-1 0.005208333333333333
19 0.0026041666666666665
-5 0.005208333333333333
18 0.08072916666666666
17 0.0546875
16 0.1015625
17 0.09635416666666666
7 0.005208333333333333
8 0.0625
16 0.0078125
7 0.08333333333333333
15 0.013020833333333332
8 0.08072916666666666
14 0.0
15 0.07291666666666666
7 0.013020833333333332
14 0.049479166666666664
8 0.010416666666666666
13 0.078125
7 0.0234375
8 0.0546875
12 0.0
11 0.0859375
7 0.0
8 0.0703125
10 0.0026041666666666665
9 0.08854166666666666
7 0.0078125
8 0.0703125
7 0.09375
8 0.05989583333333333
7 0.078125
6 0.08854166666666666
7 0.09114583333333333
-5 0.005208333333333333
8 0.078125
7 0.07552083333333333
-9 0.010416666666666666
6 0.08333333333333333
7 0.08072916666666666
-12 0.013020833333333332
8 0.08333333333333333
7 0.0625
-16 0.015625
6 0.07291666666666666
7 0.0859375
-12 0.018229166666666664
8 0.0703125
7 0.05989583333333333
-9 0.026041666666666664
6 0.0625
-5 0.11458333333333333
-4 0.09375
-5 0.057291666666666664
-6 0.07552083333333333
-17 0.07552083333333333
-29 0.0026041666666666665
-5 0.020833333333333332
-4 0.0625
-21 0.0859375
-33 0.0
-5 0.0078125
-6 0.0546875
-5 0.109375
-24 0.005208333333333333
-36 0.010416666666666666
-4 0.0546875
-5 0.09114583333333333
-28 0.0
-40 0.0
-6 0.05989583333333333
-24 0.09895833333333333
-36 0.0078125
-5 0.005208333333333333
-4 0.078125
-5 0.0703125
-21 0.0078125
-33 0.005208333333333333
-6 0.07552083333333333
-5 0.0859375
-17 0.015625
-29 0.0
-6 0.07552083333333333
-7 0.08072916666666666
-8 0.08072916666666666
-7 0.109375
-8 0.0703125
-9 0.09114583333333333
-10 0.07552083333333333
-9 0.07291666666666666
-10 0.0625
-11 0.08333333333333333
-12 0.08333333333333333
-13 0.08333333333333333
-14 0.06770833333333333
-15 0.078125
-16 0.0703125
-17 0.09375
-16 0.0703125
-17 0.09375
-18 0.09114583333333333
-17 0.06770833333333333
-16 0.06510416666666666
-17 0.09114583333333333
-18 0.06510416666666666
-17 0.1015625
-16 0.09114583333333333
-17 0.07291666666666666
-18 0.07552083333333333
-17 0.07552083333333333
-16 0.09635416666666666
-17 0.078125
-18 0.07552083333333333
-17 0.08072916666666666
-16 0.09895833333333333
-17 0.09895833333333333
-18 0.04427083333333333
3 0.0859375
7 0.0
-17 0.015625
-16 0.06510416666666666
3 0.07552083333333333
-17 0.0078125
0 0.0026041666666666665
-18 0.057291666666666664
-17 0.07291666666666666
0 0.0234375
-4 0.0078125
-16 0.06510416666666666
-8 0.1015625
-4 0.0078125
-17 0.018229166666666664
-18 0.04427083333333333
-4 0.109375
-17 0.005208333333333333
0 0.0026041666666666665
-16 0.05208333333333333
3 0.1015625
-17 0.0026041666666666665
0 0.0026041666666666665
-18 0.05989583333333333
-17 0.09375
7 0.018229166666666664
3 0.0026041666666666665
-16 0.09635416666666666
-17 0.0625
-18 0.06770833333333333
-17 0.08333333333333333
19 0.0234375
12 0.005208333333333333
15 0.0078125
-16 0.07291666666666666
15 0.0703125
12 0.005208333333333333
7 0.0078125
-17 0.010416666666666666
-18 0.04427083333333333
-17 0.09635416666666666
8 0.026041666666666664
4 0.0
12 0.0
-16 0.06770833333333333
0 0.08333333333333333
8 0.005208333333333333
4 0.015625
-18 0.046875
4 0.09375
8 0.013020833333333332
-17 0.005208333333333333
12 0.0078125
-16 0.08854166666666666
7 0.05989583333333333
15 0.0
12 0.0026041666666666665
-18 0.09375
12 0.08333333333333333
19 0.0
15 0.010416666666666666
-17 0.0026041666666666665
-16 0.0703125
-17 0.10416666666666666
-18 0.046875
-5 0.08854166666666666
-17 0.013020833333333332
-4 0.08333333333333333
-3 0.0625
-2 0.08072916666666666
-3 0.07552083333333333
-1 0.005208333333333333
-8 0.005208333333333333
0 0.07552083333333333
1 0.078125
2 0.06770833333333333
3 0.08854166666666666
-1 0.015625
-5 0.013020833333333332
4 0.0546875
5 0.078125
6 0.08333333333333333
7 0.09375
3 0.005208333333333333
-2 0.005208333333333333
8 0.06770833333333333
9 0.0859375
10 0.078125
8 0.0859375
11 0.0026041666666666665
3 0.0078125
12 0.0625
13 0.07552083333333333
14 0.0703125
15 0.08854166666666666
11 0.005208333333333333
6 0.005208333333333333
16 0.05208333333333333
17 0.07552083333333333
18 0.09635416666666666
11 0.08333333333333333
19 0.0
15 0.005208333333333333
8 0.09895833333333333
7 0.0625
6 0.09375
12 0.09895833333333333
7 0.0026041666666666665
0 0.0
-5 0.013020833333333332
-12 0.005208333333333333
-9 0.005208333333333333
6 0.07552083333333333
5 0.06510416666666666
4 0.0859375
3 0.09114583333333333
8 0.09375
7 0.0703125
6 0.078125
7 0.09375
0 0.013020833333333332
-12 0.020833333333333332
-9 0.0
-5 0.005208333333333333
6 0.026041666666666664
5 0.08333333333333333
4 0.10416666666666666
-15 0.07291666666666666
-12 0.010416666666666666
-7 0.028645833333333332
3 0.0
12 0.020833333333333332
0 0.020833333333333332
4 0.06510416666666666
5 0.0859375
6 0.05208333333333333
12 0.1015625
0 0.0026041666666666665
7 0.005208333333333333
-5 0.0026041666666666665
-9 0.0026041666666666665
-12 0.0078125
6 0.08333333333333333
5 0.07291666666666666
4 0.07291666666666666
3 0.10416666666666666
8 0.08333333333333333
7 0.0703125
6 0.07291666666666666
0 0.10416666666666666
7 0.005208333333333333
-9 0.015625
-5 0.0078125
-12 0.005208333333333333
6 0.033854166666666664
5 0.07552083333333333
4 0.09895833333333333
-15 0.033854166666666664
-7 0.033854166666666664
3 0.03125
0 0.028645833333333332
12 0.0078125
4 0.03125
5 0.08333333333333333
6 0.0625
12 0.09635416666666666
0 0.0026041666666666665
-5 0.0
-12 0.005208333333333333
7 0.0078125
6 0.078125
5 0.08072916666666666
4 0.07291666666666666
5 0.08072916666666666
-7 0.013020833333333332
-12 0.015625
-16 0.0078125
4 0.05989583333333333
3 0.0703125
2 0.07291666666666666
3 0.09635416666666666
-9 0.0
-17 0.0
-12 0.0026041666666666665
4 0.0859375
5 0.06770833333333333
6 0.07552083333333333
7 0.09114583333333333
-10 0.010416666666666666
-19 0.005208333333333333
-17 0.0026041666666666665
8 0.08072916666666666
7 0.06770833333333333
6 0.08333333333333333
-12 0.09375
-21 0.0078125
7 0.0026041666666666665
-17 0.0026041666666666665
6 0.07291666666666666
5 0.09114583333333333
4 0.10416666666666666
5 0.0625
-24 0.0078125
-19 0.0026041666666666665
-28 0.0078125
4 0.0703125
3 0.09895833333333333
2 0.0625
-21 0.08333333333333333
3 0.005208333333333333
-24 0.0
-29 0.005208333333333333
4 0.0859375
5 0.0703125
6 0.09895833333333333
7 0.09375
-22 0.005208333333333333
-31 0.010416666666666666
-29 0.0026041666666666665
9 0.07552083333333333
10 0.08072916666666666
11 0.09114583333333333
-32 0.0625
-17 0.0234375
12 0.0078125
-24 0.03125
11 0.078125
10 0.04427083333333333
9 0.10677083333333333
-31 0.03125
-24 0.0026041666666666665
8 0.0703125
-16 0.0
13 0.06770833333333333
12 0.08854166666666666
11 0.08072916666666666
12 0.09375
11 0.08854166666666666
10 0.05208333333333333
9 0.1015625
-22 0.09375
8 0.018229166666666664
17 0.0
-14 0.010416666666666666
-7 0.0
9 0.08333333333333333
10 0.10677083333333333
11 0.049479166666666664
-19 0.09114583333333333
17 0.015625
12 0.015625
-4 0.005208333333333333
-12 0.015625
11 0.0546875
10 0.08072916666666666
9 0.078125
8 0.11197916666666666
13 0.07552083333333333
12 0.08072916666666666
11 0.09114583333333333
12 0.07291666666666666
-12 0.0078125
-28 0.005208333333333333
-19 0.0026041666666666665
11 0.0546875
10 0.06510416666666666
9 0.09895833333333333
-22 0.041666666666666664
-14 0.033854166666666664
8 0.0234375
17 0.015625
-7 0.049479166666666664
9 0.013020833333333332
10 0.1015625
11 0.04427083333333333
-19 0.041666666666666664
-12 0.0234375
12 0.028645833333333332
17 0.005208333333333333
-4 0.026041666666666664
11 0.0625
10 0.06770833333333333
9 0.057291666666666664
10 0.09114583333333333
-23 0.020833333333333332
-14 0.013020833333333332
-19 0.026041666666666664
9 0.033854166666666664
8 0.09895833333333333
7 0.05989583333333333
-19 0.09375
-24 0.010416666666666666
8 0.0
9 0.0703125
10 0.07552083333333333
11 0.0859375
-26 0.08072916666666666
-20 0.0
12 0.0026041666666666665
-17 0.013020833333333332
13 0.078125
12 0.078125
11 0.09895833333333333
-28 0.07291666666666666
12 0.0026041666666666665
-19 0.005208333333333333
-24 0.0026041666666666665
11 0.07291666666666666
10 0.08333333333333333
9 0.08333333333333333
-12 0.07291666666666666
-19 0.015625
-16 0.005208333333333333
8 0.013020833333333332
9 0.06510416666666666
10 0.07552083333333333
11 0.07552083333333333
12 0.08333333333333333
-12 0.015625
-21 0.0026041666666666665
-17 0.0234375
14 0.04427083333333333
15 0.07291666666666666
17 0.08333333333333333
-10 0.09895833333333333
-22 0.0
19 0.0
-13 0.0026041666666666665
-17 0.010416666666666666
20 0.0546875
19 0.08072916666666666
18 0.09635416666666666
-24 0.015625
-17 0.033854166666666664
19 0.05208333333333333
-9 0.0
18 0.049479166666666664
17 0.078125
0 0.05989583333333333
-5 0.018229166666666664
16 0.005208333333333333
15 0.1015625
20 0.09114583333333333
19 0.06770833333333333
18 0.0703125
-24 0.0546875
-17 0.028645833333333332
19 0.013020833333333332
-9 0.028645833333333332
18 0.05208333333333333
17 0.04427083333333333
16 0.10677083333333333
-27 0.057291666666666664
-19 0.013020833333333332
15 0.028645833333333332
24 0.0078125
-12 0.015625
16 0.07291666666666666
17 0.0859375
18 0.046875
-24 0.03125
-17 0.03125
19 0.0390625
-9 0.0026041666666666665
24 0.0026041666666666665
18 0.109375
17 0.05989583333333333
0 0.005208333333333333
-5 0.018229166666666664
-9 0.0026041666666666665
16 0.0546875
15 0.09635416666666666
20 0.078125
19 0.0703125
18 0.07552083333333333
-24 0.013020833333333332
-17 0.049479166666666664
19 0.03125
-9 0.0234375
18 0.049479166666666664
17 0.0703125
16 0.0859375
-27 0.03645833333333333
-19 0.026041666666666664
24 0.010416666666666666
15 0.015625
-12 0.026041666666666664
16 0.05989583333333333
17 0.1015625
18 0.057291666666666664
-24 0.0078125
-17 0.028645833333333332
19 0.033854166666666664
24 0.010416666666666666
-9 0.013020833333333332
11 0.15625
12 0.08333333333333333
0 0.07291666666666666
13 0.015625
14 0.08072916666666666
-4 0.057291666666666664
15 0.018229166666666664
16 0.08072916666666666
17 0.0625
-7 0.0
-16 0.028645833333333332
16 0.0546875
15 0.05989583333333333
-10 0.020833333333333332
14 0.041666666666666664
15 0.0859375
-7 0.046875
14 0.04427083333333333
13 0.07291666666666666
-4 0.03125
12 0.049479166666666664
11 0.11197916666666666
0 0.0078125
-5 0.015625
-9 0.0026041666666666665
12 0.041666666666666664
13 0.07552083333333333
14 0.07291666666666666
15 0.10416666666666666
-17 0.0078125
16 0.049479166666666664
17 0.07552083333333333
18 0.08333333333333333
-1 0.10416666666666666
-7 0.0078125
19 0.0026041666666666665
-5 0.0
20 0.07291666666666666
19 0.0859375
18 0.08072916666666666
19 0.08333333333333333
20 0.08854166666666666
19 0.05989583333333333
18 0.0703125
19 0.1015625
0 0.0
-9 0.0078125
-5 0.005208333333333333
23 0.17447916666666666
24 0.08333333333333333
25 0.057291666666666664
12 0.010416666666666666
3 0.010416666666666666
26 0.06510416666666666
27 0.07552083333333333
0 0.028645833333333332
28 0.046875
29 0.07291666666666666
5 0.026041666666666664
-4 0.0078125
28 0.033854166666666664
27 0.1015625
2 0.013020833333333332
26 0.05208333333333333
27 0.0859375
5 0.005208333333333333
-4 0.0026041666666666665
26 0.08854166666666666
25 0.057291666666666664
8 0.010416666666666666
0 0.015625
24 0.049479166666666664
12 0.1015625
3 0.015625
23 0.0
24 0.07291666666666666
25 0.0703125
26 0.07291666666666666
27 0.08854166666666666
-5 0.0078125
28 0.0703125
29 0.06770833333333333
30 0.0703125
11 0.09895833333333333
31 0.010416666666666666
5 0.028645833333333332
7 0.0
32 0.05989583333333333
31 0.08854166666666666
30 0.05989583333333333
31 0.078125
33 0.09895833333333333
34 0.07552083333333333
35 0.07552083333333333
12 0.08333333333333333
36 0.010416666666666666
3 0.005208333333333333
7 0.0078125
35 0.09635416666666666
34 0.0546875
33 0.08854166666666666
1 0.057291666666666664
-2 0.018229166666666664
-8 0.018229166666666664
34 0.010416666666666666
33 0.078125
32 0.078125
31 0.0859375
0 0.06770833333333333
-7 0.020833333333333332
32 0.0026041666666666665
-4 0.0078125
31 0.08854166666666666
30 0.05989583333333333
29 0.08854166666666666
28 0.06770833333333333
27 0.08854166666666666
26 0.07552083333333333
25 0.08333333333333333
24 0.08072916666666666
0 0.0026041666666666665
-9 0.020833333333333332
-12 0.0
-5 0.0
23 0.05989583333333333
22 0.078125
21 0.10416666666666666
-8 0.0625
22 0.005208333333333333
-11 0.013020833333333332
-14 0.0
21 0.07552083333333333
20 0.09375
19 0.08333333333333333
-12 0.06510416666666666
20 0.0026041666666666665
-7 0.0026041666666666665
-16 0.0026041666666666665
19 0.078125
18 0.0703125
17 0.09114583333333333
16 0.06770833333333333
-24 0.0
15 0.08854166666666666
14 0.06770833333333333
13 0.08072916666666666
12 0.0703125
-9 0.020833333333333332
13 0.0625
12 0.08333333333333333
11 0.0625
-1 0.09375
12 0.0
0 0.0
13 0.07552083333333333
1 0.0078125
0 0.0625
-1 0.0
12 0.0
11 0.0625
1 0.005208333333333333
12 0.09635416666666666
0 0.010416666666666666
-1 0.0
13 0.14322916666666666
0 0.0078125
-2 0.013020833333333332
14 0.05989583333333333
1 0.078125
15 0.0078125
-3 0.0026041666666666665
16 0.0703125
17 0.06770833333333333
2 0.010416666666666666
-4 0.0026041666666666665
18 0.078125
3 0.08072916666666666
19 0.0078125
0 0.0
-5 0.0078125
20 0.057291666666666664
19 0.09895833333333333
18 0.0703125
19 0.07552083333333333
6 0.010416666666666666
7 0.0
20 0.05989583333333333
8 0.0
7 0.08072916666666666
6 0.0026041666666666665
19 0.013020833333333332
8 0.07291666666666666
18 0.0
19 0.0703125
7 0.0026041666666666665
6 0.0
18 0.1484375
9 0.010416666666666666
5 0.0026041666666666665
19 0.09114583333333333
20 0.08333333333333333
10 0.0026041666666666665
3 0.005208333333333333
21 0.0546875
22 0.08072916666666666
2 0.020833333333333332
11 0.0
23 0.05989583333333333
24 0.0859375
12 0.0078125
7 0.010416666666666666
0 0.0
3 0.0026041666666666665
7 0.3098958333333333
8 0.078125
9 0.078125
-12 0.046875
10 0.020833333333333332
-5 0.03645833333333333
11 0.0546875
3 0.015625
12 0.057291666666666664
13 0.0859375
14 0.06770833333333333
4 0.08333333333333333
-1 0.0
15 0.005208333333333333
-4 0.0026041666666666665
16 0.0703125
17 0.08072916666666666
18 0.08072916666666666
19 0.0859375
8 0.005208333333333333
0 0.0026041666666666665
20 0.09375
21 0.08072916666666666
22 0.05989583333333333
11 0.0703125
23 0.013020833333333332
6 0.005208333333333333
24 0.08072916666666666
25 0.0546875
26 0.078125
7 0.06770833333333333
15 0.005208333333333333
27 0.013020833333333332
28 0.06510416666666666
29 0.07291666666666666
30 0.08854166666666666
19 0.08072916666666666
31 0.0078125
11 0.026041666666666664
33 0.05989583333333333
17 0.0
34 0.09375
15 0.0
35 0.06770833333333333
14 0.010416666666666666
36 0.08072916666666666
19 0.0
27 0.005208333333333333
12 0.0078125
12 0.7213541666666666
-12 0.0026041666666666665
3 0.0
7 0.0
-5 0.0
-9 0.0
0 0.0026041666666666665
-17 0.0026041666666666665
-12 0.9348958333333333
-36 0.0026041666666666665
