-34 0.07440479163221432
-34 0.6250002497106003
-34 0.7291669579957003
-34 0.7142859996692574
8 0.17857149991731436
9 0.17857149991731436
12 0.17857149991731436
-34 0.17857149991731436
0 0.0
0 0.17857149991731436
0 0.17857149991731436
0 0.17857149991731436
-34 0.1636905415908715
0 0.014880958326442864
0 0.17857149991731436
0 0.17857149991731436
0 0.17857149991731436
-34 0.1636905415908715
0 0.014880958326442864
8 0.17857149991731436
0 0.0
9 0.1636905415908715
0 0.014880958326442864
12 0.1636905415908715
0 0.014880958326442864
-34 0.17857149991731436
0 0.0
12 0.1636905415908715
0 0.014880958326442864
0 0.17857149991731436
0 0.17857149991731436
-31 0.1636905415908715
9 0.014880958326442864
-34 0.0
-15 0.014880958326442864
0 0.0
5 0.1636905415908715
0 0.0
-7 0.17857149991731436
-12 0.0
-3 0.0
0 0.0
0 0.17857149991731436
-36 0.17857149991731436
-12 0.0
-34 0.0
0 0.0
-15 0.0
0 0.17857149991731436
-12 0.17857149991731436
-7 0.0
-3 0.0
-12 0.0
0 0.0
0 0.17857149991731436
-31 0.17857149991731436
-10 0.0
-34 0.0
0 0.0
-15 0.0
0 0.17857149991731436
-3 0.1636905415908715
-12 0.014880958326442864
-7 0.0
0 0.0
-12 0.17857149991731436
0 0.0
-36 0.17857149991731436
-34 0.0
0 0.0
-15 0.0
0 0.17857149991731436
-12 0.17857149991731436
-7 0.0
-3 0.0
0 0.0
-3 0.17857149991731436
0 0.0
-34 0.17857149991731436
0 0.0
-34 0.0
0 0.0
-15 0.014880958326442864
0 0.1636905415908715
-7 0.17857149991731436
-10 0.0
-3 0.0
0 0.014880958326442864
0 0.1636905415908715
-39 0.17857149991731436
-10 0.0
-34 0.0
0 0.0
-15 0.0
0 0.17857149991731436
-7 0.17857149991731436
-10 0.0
-3 0.0
-12 0.0
0 0.0
-10 0.17857149991731436
0 0.0
-34 0.17857149991731436
-34 0.0
0 0.0
-15 0.0
-7 0.17857149991731436
0 0.0
-10 0.17857149991731436
-7 0.0
-3 0.0
0 0.0
0 0.17857149991731436
-34 0.17857149991731436
-34 0.0
0 0.0
-15 0.0
0 0.17857149991731436
-10 0.17857149991731436
-7 0.0
-3 0.0
0 0.0
0 0.1636905415908715
0 0.014880958326442864
-36 0.17857149991731436
2 0.0
-34 0.0
0 0.0
-15 0.014880958326442864
0 0.1636905415908715
-8 0.17857149991731436
-12 0.0
-5 0.0
0 0.0
0 0.17857149991731436
-41 0.17857149991731436
-5 0.0
-34 0.0
0 0.0
-15 0.0
0 0.19345245824375723
-8 0.1636905415908715
-12 0.0
-5 0.0
-5 0.0
0 0.0
0 0.17857149991731436
-36 0.17857149991731436
-3 0.0
-34 0.0
0 0.0
-15 0.0
0 0.17857149991731436
-12 0.17857149991731436
-8 0.0
-5 0.0
0 0.0
-5 0.17857149991731436
0 0.0
-41 0.17857149991731436
-34 0.0
0 0.0
-15 0.0
0 0.17857149991731436
-36 0.17857149991731436
-12 0.0
-8 0.0
-5 0.0
0 0.0
-10 0.17857149991731436
0 0.0
-26 0.17857149991731436
7 0.0
-10 0.0
-34 0.0
0 0.0
-15 0.014880958326442864
5 0.1636905415908715
0 0.0
-10 0.17857149991731436
-7 0.0
-2 0.0
0 0.0
-12 0.0
0 0.0
0 0.17857149991731436
-26 0.17857149991731436
0 0.0
-10 0.0
-34 0.0
0 0.0
-15 0.014880958326442864
0 0.1636905415908715
0 0.0
-29 0.17857149991731436
-7 0.0
-10 0.0
-2 0.0
-3 0.0
0 0.0
-12 0.014880958326442864
0 0.1636905415908715
-31 0.1636905415908715
-7 0.014880958326442864
-7 0.0
-34 0.0
0 0.0
-15 0.0
0 0.17857149991731436
-12 0.1636905415908715
-7 0.014880958326442864
-3 0.0
0 0.0
-7 0.17857149991731436
0 0.0
-36 0.17857149991731436
7 0.0
-34 0.0
0 0.0
-15 0.0
5 0.17857149991731436
0 0.0
-12 0.17857149991731436
-7 0.0
-3 0.0
0 0.0
0 0.0
0 0.17857149991731436
-31 0.17857149991731436
5 0.0
-34 0.0
-15 0.014880958326442864
0 0.0
0 0.1636905415908715
0 0.0
-7 0.17857149991731436
-12 0.0
-3 0.0
9 0.0
0 0.0
0 0.17857149991731436
-36 0.1636905415908715
-34 0.014880958326442864
0 0.0
-15 0.0
-5 0.17857149991731436
0 0.0
-12 0.17857149991731436
-7 0.0
-3 0.0
-3 0.0
0 0.0
0 0.17857149991731436
-31 0.1636905415908715
-7 0.014880958326442864
-34 0.0
0 0.0
-15 0.0
0 0.17857149991731436
-12 0.17857149991731436
-7 0.0
-3 0.0
0 0.0
0 0.17857149991731436
-36 0.1636905415908715
-12 0.014880958326442864
-34 0.0
0 0.0
-15 0.0
0 0.17857149991731436
-12 0.17857149991731436
-7 0.0
-3 0.0
-12 0.0
0 0.0
-10 0.17857149991731436
0 0.0
-31 0.1636905415908715
-34 0.014880958326442864
0 0.0
-15 0.0
0 0.17857149991731436
-7 0.17857149991731436
-12 0.0
-3 0.0
-12 0.0
0 0.0
0 0.17857149991731436
-36 0.17857149991731436
-34 0.0
0 0.0
-15 0.0
0 0.17857149991731436
-27 0.17857149991731436
-7 0.0
-12 0.0
-3 0.0
0 0.0
0 0.17857149991731436
-34 0.17857149991731436
-10 0.0
-34 0.0
0 0.0
-15 0.0
0 0.17857149991731436
-10 0.17857149991731436
-7 0.0
-3 0.0
-7 0.0
0 0.0
0 0.17857149991731436
-27 0.17857149991731436
-7 0.0
-34 0.0
0 0.0
-15 0.0
0 0.17857149991731436
-3 0.1636905415908715
-10 0.014880958326442864
-7 0.0
-5 0.0
0 0.0
0 0.17857149991731436
-34 0.17857149991731436
-3 0.0
-34 0.0
0 0.0
-15 0.014880958326442864
0 0.1636905415908715
-7 0.1636905415908715
-10 0.014880958326442864
-3 0.0
0 0.0
0 0.17857149991731436
-34 0.17857149991731436
-34 0.0
0 0.0
-15 0.0
0 0.17857149991731436
-7 0.1636905415908715
-10 0.014880958326442864
-3 0.0
0 0.0
0 0.17857149991731436
-36 0.17857149991731436
-5 0.0
-34 0.0
0 0.0
-15 0.0
0 0.17857149991731436
-8 0.17857149991731436
-12 0.0
-5 0.0
-5 0.0
0 0.0
0 0.17857149991731436
-29 0.17857149991731436
-5 0.0
-34 0.0
0 0.0
-15 0.0
0 0.17857149991731436
-8 0.1636905415908715
-12 0.014880958326442864
-5 0.0
-5 0.0
0 0.0
0 0.17857149991731436
-36 0.17857149991731436
-3 0.0
-34 0.0
0 0.0
-15 0.014880958326442864
0 0.1636905415908715
-8 0.17857149991731436
-12 0.0
-5 0.0
0 0.0
-5 0.17857149991731436
0 0.0
-29 0.17857149991731436
-34 0.0
0 0.0
-15 0.0
0 0.17857149991731436
-12 0.1636905415908715
-36 0.014880958326442864
-8 0.0
-5 0.0
0 0.0
0 0.17857149991731436
-38 0.17857149991731436
7 0.0
-10 0.0
0 0.0
-15 0.0
-34 0.014880958326442864
5 0.1636905415908715
0 0.0
-10 0.17857149991731436
-7 0.0
-2 0.0
0 0.0
0 0.014880958326442864
-7 0.0
0 0.1636905415908715
-27 0.1636905415908715
-7 0.014880958326442864
-34 0.0
0 0.0
-15 0.014880958326442864
0 0.1636905415908715
-10 0.17857149991731436
-7 0.0
-2 0.0
-3 0.0
0 0.0
-29 0.014880958326442864
-5 0.0
-7 0.1636905415908715
0 0.0
-31 0.17857149991731436
-7 0.0
-34 0.014880958326442864
-15 0.0
0 0.0
0 0.1636905415908715
-7 0.1636905415908715
-12 0.014880958326442864
-3 0.0
0 0.0
0 0.17857149991731436
-36 0.17857149991731436
-7 0.0
-34 0.0
0 0.0
-15 0.0
0 0.17857149991731436
-12 0.17857149991731436
-7 0.0
-3 0.0
-5 0.0
0 0.0
-3 0.17857149991731436
0 0.0
-31 0.17857149991731436
-20 0.0
-34 0.0
0 0.0
-15 0.0
0 0.17857149991731436
-7 0.1636905415908715
-12 0.014880958326442864
-3 0.0
-2 0.0
0 0.0
-31 0.014880958326442864
-15 0.0
0 0.1636905415908715
-36 0.17857149991731436
5 0.0
-34 0.0
0 0.0
-15 0.014880958326442864
0 0.1636905415908715
-7 0.17857149991731436
-12 0.0
-3 0.0
-15 0.0
0 0.0
-31 0.0
7 0.17857149991731436
0 0.0
-31 0.17857149991731436
-34 0.0
0 0.0
0 0.17857149991731436
-12 0.17857149991731436
-7 0.0
-3 0.0
7 0.0
0 0.0
-15 0.0
-31 0.014880958326442864
0 0.1636905415908715
-27 0.17857149991731436
-5 0.0
-34 0.0
0 0.0
-15 0.0
0 0.17857149991731436
-3 0.1636905415908715
-24 0.014880958326442864
-12 0.0
-7 0.0
-7 0.0
0 0.0
-31 0.014880958326442864
-15 0.0
-5 0.14880958326442864
0 0.014880958326442864
-36 0.17857149991731436
-34 0.0
0 0.0
-15 0.0
0 0.17857149991731436
-8 0.17857149991731436
-12 0.0
-5 0.0
7 0.0
0 0.0
-15 0.0
-31 0.014880958326442864
0 0.14880958326442864
0 0.014880958326442864
-29 0.17857149991731436
4 0.0
-34 0.0
0 0.0
-15 0.0
7 0.1636905415908715
0 0.014880958326442864
-12 0.17857149991731436
-8 0.0
-5 0.0
0 0.0
0 0.0
-31 0.014880958326442864
-15 0.0
4 0.14880958326442864
0 0.014880958326442864
-36 0.17857149991731436
7 0.0
-34 0.0
0 0.0
-15 0.014880958326442864
4 0.1636905415908715
0 0.0
-5 0.1636905415908715
-12 0.014880958326442864
-8 0.0
0 0.0
0 0.0
-15 0.0
-31 0.014880958326442864
0 0.1636905415908715
-29 0.17857149991731436
-3 0.0
-34 0.0
0 0.0
-15 0.0
0 0.17857149991731436
-5 0.1636905415908715
-12 0.014880958326442864
-8 0.0
-5 0.0
0 0.0
-15 0.0
-31 0.014880958326442864
-7 0.1636905415908715
0 0.0
-34 0.17857149991731436
-34 0.0
0 0.0
-15 0.0
0 0.17857149991731436
-10 0.17857149991731436
-7 0.0
-3 0.0
-15 0.0
-31 0.0
0 0.0
-3 0.17857149991731436
0 0.0
-27 0.17857149991731436
0 0.0
-34 0.0
0 0.0
-15 0.0
0 0.17857149991731436
-10 0.17857149991731436
-7 0.0
-3 0.0
0 0.0
5 0.014880958326442864
-31 0.0
-15 0.0
2 0.1636905415908715
0 0.0
-34 0.17857149991731436
0 0.0
-34 0.0
0 0.0
-15 0.014880958326442864
-3 0.1636905415908715
0 0.0
-3 0.1636905415908715
-10 0.014880958326442864
-7 0.0
0 0.0
0 0.0
-15 0.0
-31 0.014880958326442864
0 0.1636905415908715
-34 0.17857149991731436
-3 0.0
-34 0.0
0 0.0
-15 0.0
0 0.17857149991731436
-10 0.1636905415908715
-27 0.014880958326442864
-7 0.0
-3 0.0
0 0.0
0 0.0
-31 0.014880958326442864
-15 0.0
2 0.1636905415908715
0 0.0
-26 0.17857149991731436
-34 0.0
0 0.0
-15 0.0
0 0.17857149991731436
-10 0.17857149991731436
-7 0.0
-2 0.0
0 0.0
0 0.0
-31 0.014880958326442864
-15 0.0
0 0.1636905415908715
-31 0.17857149991731436
10 0.0
-34 0.0
0 0.0
-15 0.014880958326442864
5 0.14880958326442864
0 0.014880958326442864
-7 0.1636905415908715
-10 0.014880958326442864
-2 0.0
7 0.0
-31 0.014880958326442864
-15 0.0
0 0.0
7 0.1636905415908715
0 0.0
-26 0.17857149991731436
7 0.0
-34 0.0
0 0.0
-15 0.014880958326442864
0 0.1636905415908715
-10 0.17857149991731436
-7 0.0
-2 0.0
-15 0.0
-31 0.0
0 0.0
0 0.17857149991731436
-26 0.17857149991731436
2 0.0
-34 0.0
0 0.0
-15 0.0
0 0.17857149991731436
-10 0.1636905415908715
-7 0.014880958326442864
-2 0.0
0 0.0
-29 0.014880958326442864
-3 0.014880958326442864
-31 0.0
-15 0.0
0 0.14880958326442864
0 0.0
-31 0.17857149991731436
-34 0.0
0 0.0
-15 0.0
0 0.17857149991731436
-12 0.17857149991731436
-7 0.0
-3 0.0
0 0.0
5 0.014880958326442864
-3 0.0
-15 0.0
-31 0.014880958326442864
7 0.13392862493798577
0 0.014880958326442864
-36 0.17857149991731436
-34 0.0
0 0.0
-15 0.0
5 0.17857149991731436
0 0.0
-7 0.17857149991731436
-12 0.0
-3 0.0
7 0.0
0 0.0
-31 0.014880958326442864
-15 0.0
0 0.1636905415908715
-31 0.17857149991731436
5 0.0
-34 0.0
0 0.0
-15 0.014880958326442864
7 0.1636905415908715
0 0.0
-12 0.1636905415908715
-7 0.014880958326442864
-3 0.0
-15 0.0
0 0.0
-31 0.014880958326442864
0 0.1636905415908715
-27 0.17857149991731436
-5 0.0
0 0.0
-15 0.0
-34 0.014880958326442864
0 0.1636905415908715
-3 0.1636905415908715
-26 0.014880958326442864
-12 0.0
-7 0.0
0 0.0
-7 0.014880958326442864
-31 0.0
-15 0.0
-5 0.1636905415908715
0 0.0
-24 0.17857149991731436
-34 0.0
0 0.0
-15 0.0
0 0.17857149991731436
-12 0.17857149991731436
-8 0.0
-5 0.0
2 0.0
-3 0.0
0 0.0
-31 0.014880958326442864
-15 0.0
0 0.1636905415908715
-29 0.17857149991731436
12 0.0
-34 0.0
0 0.0
-15 0.014880958326442864
7 0.1636905415908715
0 0.0
-8 0.17857149991731436
-12 0.0
-5 0.0
9 0.0
0 0.0
-15 0.0
-31 0.014880958326442864
12 0.14880958326442864
0 0.014880958326442864
-24 0.17857149991731436
7 0.0
-34 0.0
0 0.0
0 0.17857149991731436
0 0.0
-8 0.17857149991731436
-5 0.0
0 0.0
-12 0.014880958326442864
0 0.0
-15 0.0
-31 0.014880958326442864
0 0.14880958326442864
-29 0.17857149991731436
-5 0.0
-34 0.0
0 0.0
-15 0.0
0 0.17857149991731436
-27 0.17857149991731436
-12 0.0
-8 0.0
-5 0.0
-7 0.0
0 0.0
-31 0.014880958326442864
-15 0.0
-7 0.14880958326442864
0 0.014880958326442864
-26 0.17857149991731436
-34 0.0
0 0.0
-15 0.0
0 0.17857149991731436
-7 0.17857149991731436
-10 0.0
-2 0.0
-15 0.0
0 0.0
-31 0.0
5 0.1636905415908715
0 0.014880958326442864
-31 0.17857149991731436
14 0.0
-34 0.0
0 0.0
-15 0.0
5 0.17857149991731436
0 0.0
-10 0.17857149991731436
-7 0.0
-2 0.0
2 0.0
0 0.0
-15 0.0
-31 0.014880958326442864
12 0.14880958326442864
0 0.014880958326442864
-26 0.17857149991731436
12 0.0
-34 0.0
0 0.0
-15 0.014880958326442864
0 0.1636905415908715
-10 0.1636905415908715
-7 0.014880958326442864
-2 0.0
10 0.0
0 0.0
-15 0.0
-31 0.014880958326442864
0 0.1636905415908715
-27 0.17857149991731436
-7 0.0
-34 0.0
0 0.0
-15 0.0
0 0.17857149991731436
-29 0.17857149991731436
-10 0.0
-7 0.0
-2 0.0
0 0.0
-5 0.014880958326442864
-31 0.0
-15 0.0
-7 0.14880958326442864
0 0.014880958326442864
-31 0.1636905415908715
-34 0.014880958326442864
0 0.0
-15 0.0
0 0.17857149991731436
-12 0.17857149991731436
-7 0.0
-3 0.0
-15 0.0
-31 0.0
0 0.0
-2 0.17857149991731436
7 0.0
0 0.0
-36 0.17857149991731436
-34 0.0
0 0.0
-15 0.0
7 0.1636905415908715
-2 0.014880958326442864
0 0.0
-12 0.17857149991731436
-7 0.0
-3 0.0
-2 0.0
7 0.0
0 0.0
-31 0.014880958326442864
-15 0.0
0 0.1636905415908715
-31 0.17857149991731436
-3 0.0
5 0.0
-34 0.0
-15 0.014880958326442864
0 0.0
0 0.1636905415908715
-12 0.17857149991731436
-7 0.0
-3 0.0
-15 0.0
-31 0.0
0 0.0
0 0.17857149991731436
-36 0.17857149991731436
-34 0.0
0 0.0
-15 0.0
0 0.17857149991731436
-12 0.17857149991731436
-7 0.0
-3 0.0
-15 0.0
-31 0.0
0 0.0
0 0.17857149991731436
-31 0.17857149991731436
-20 0.0
-34 0.0
0 0.0
-15 0.0
0 0.19345245824375723
-12 0.1636905415908715
-7 0.0
-3 0.0
-15 0.0
-31 0.0
0 0.0
0 0.17857149991731436
-36 0.17857149991731436
-12 0.0
-34 0.0
0 0.0
-15 0.0
0 0.17857149991731436
-12 0.17857149991731436
-7 0.0
-3 0.0
-12 0.0
0 0.0
-15 0.0
-31 0.014880958326442864
0 0.1636905415908715
-31 0.17857149991731436
-10 0.0
-34 0.0
0 0.0
-15 0.014880958326442864
0 0.1636905415908715
-12 0.17857149991731436
-7 0.0
-3 0.0
-15 0.0
0 0.0
-31 0.014880958326442864
-12 0.1636905415908715
0 0.0
-36 0.17857149991731436
12 0.0
-34 0.0
0 0.0
-15 0.014880958326442864
0 0.1636905415908715
-12 0.17857149991731436
-7 0.0
-3 0.0
-15 0.0
0 0.0
-31 0.014880958326442864
0 0.1636905415908715
-34 0.17857149991731436
9 0.0
-34 0.0
0 0.0
-15 0.0
0 0.17857149991731436
-7 0.17857149991731436
-10 0.0
-3 0.0
-15 0.0
0 0.0
-31 0.014880958326442864
0 0.1636905415908715
-27 0.17857149991731436
-10 0.0
-34 0.0
0 0.0
-15 0.0
0 0.17857149991731436
-10 0.17857149991731436
-7 0.0
-3 0.0
-12 0.0
0 0.0
-15 0.0
-31 0.014880958326442864
-10 0.1636905415908715
0 0.0
-34 0.17857149991731436
-34 0.0
0 0.0
0 0.17857149991731436
-10 0.1636905415908715
-7 0.014880958326442864
-3 0.0
-7 0.0
0 0.0
-15 0.0
-31 0.014880958326442864
0 0.1636905415908715
-31 0.17857149991731436
9 0.0
-34 0.0
0 0.0
-15 0.0
0 0.17857149991731436
-34 0.17857149991731436
-10 0.0
-7 0.0
-3 0.0
0 0.0
-15 0.0
-31 0.014880958326442864
0 0.1636905415908715
-36 0.17857149991731436
-34 0.0
0 0.0
-15 0.0
0 0.17857149991731436
-12 0.17857149991731436
-8 0.0
-5 0.0
-15 0.0
-31 0.0
0 0.0
0 0.17857149991731436
-29 0.17857149991731436
-5 0.0
-34 0.0
0 0.0
-15 0.0
0 0.17857149991731436
-12 0.17857149991731436
-8 0.0
-5 0.0
-5 0.0
0 0.0
-15 0.0
-31 0.014880958326442864
0 0.1636905415908715
-36 0.1636905415908715
-3 0.014880958326442864
-34 0.0
0 0.0
0 0.17857149991731436
-8 0.17857149991731436
-12 0.0
-5 0.0
-15 0.0
-31 0.0
0 0.0
5 0.17857149991731436
9 0.0
-5 0.0
0 0.0
-29 0.17857149991731436
4 0.0
7 0.0
0 0.0
-34 0.014880958326442864
-15 0.0
0 0.1636905415908715
3 0.17857149991731436
6 0.0
-12 0.0
-5 0.0
-36 0.014880958326442864
-8 0.0
-15 0.0
-31 0.0
0 0.0
-10 0.1636905415908715
0 0.0
-38 0.17857149991731436
2 0.0
5 0.0
0 0.0
-10 0.014880958326442864
-34 0.0
-15 0.0
0 0.1636905415908715
-10 0.1636905415908715
-7 0.014880958326442864
-2 0.0
-12 0.0
0 0.0
-31 0.014880958326442864
-15 0.0
0 0.1636905415908715
-27 0.17857149991731436
-10 0.0
-34 0.0
0 0.0
-15 0.0
0 0.17857149991731436
-29 0.17857149991731436
-7 0.0
-10 0.0
-2 0.0
-12 0.0
0 0.0
-31 0.014880958326442864
-15 0.0
0 0.1636905415908715
-31 0.17857149991731436
5 0.0
-7 0.0
-34 0.0
-15 0.014880958326442864
0 0.0
0 0.1636905415908715
-7 0.17857149991731436
-12 0.0
-3 0.0
-15 0.0
0 0.0
-31 0.0
-7 0.17857149991731436
0 0.0
-36 0.17857149991731436
-34 0.0
0 0.0
-15 0.0
0 0.17857149991731436
-12 0.17857149991731436
-7 0.0
-3 0.0
-15 0.0
0 0.0
-31 0.0
0 0.17857149991731436
-31 0.17857149991731436
-34 0.0
0 0.0
-15 0.0
0 0.17857149991731436
-12 0.17857149991731436
-7 0.0
-3 0.0
-15 0.0
-31 0.0
0 0.0
0 0.17857149991731436
-36 0.17857149991731436
-34 0.0
0 0.0
-15 0.0
0 0.17857149991731436
-7 0.17857149991731436
-12 0.0
-3 0.0
-15 0.0
-31 0.0
0 0.0
0 0.17857149991731436
-31 0.17857149991731436
0 0.0
-34 0.0
-15 0.014880958326442864
0 0.0
0 0.1636905415908715
-7 0.1636905415908715
-12 0.014880958326442864
-3 0.0
-15 0.0
-31 0.0
0 0.0
0 0.17857149991731436
-36 0.1636905415908715
-12 0.014880958326442864
-34 0.0
0 0.0
-15 0.0
0 0.17857149991731436
-12 0.17857149991731436
-7 0.0
-3 0.0
-12 0.0
0 0.0
-15 0.0
-31 0.014880958326442864
0 0.1636905415908715
-31 0.17857149991731436
-10 0.0
-34 0.0
0 0.0
-15 0.0
0 0.17857149991731436
-12 0.1636905415908715
-7 0.014880958326442864
-3 0.0
-15 0.0
-31 0.0
0 0.0
-12 0.17857149991731436
0 0.0
-36 0.1636905415908715
5 0.014880958326442864
-34 0.0
0 0.0
-15 0.0
0 0.17857149991731436
-27 0.17857149991731436
0 0.0
-12 0.0
-7 0.0
-3 0.0
0 0.0
-31 0.014880958326442864
-15 0.0
0 0.1636905415908715
-34 0.17857149991731436
-10 0.0
-34 0.0
0 0.0
-15 0.014880958326442864
0 0.1636905415908715
-7 0.1636905415908715
-10 0.014880958326442864
-3 0.0
-7 0.0
0 0.0
-15 0.0
-31 0.014880958326442864
0 0.1636905415908715
-27 0.17857149991731436
-7 0.0
-34 0.0
0 0.0
-15 0.0
0 0.17857149991731436
-10 0.17857149991731436
-7 0.0
-3 0.0
-5 0.0
0 0.0
-31 0.014880958326442864
-15 0.0
0 0.1636905415908715
-34 0.1636905415908715
-3 0.014880958326442864
-34 0.0
0 0.0
-15 0.0
0 0.17857149991731436
-10 0.17857149991731436
-7 0.0
-3 0.0
-15 0.0
0 0.0
-31 0.014880958326442864
0 0.1636905415908715
-27 0.17857149991731436
5 0.0
-34 0.0
0 0.0
-15 0.0
0 0.17857149991731436
-34 0.17857149991731436
-10 0.0
-7 0.0
-3 0.0
0 0.0
-15 0.0
-31 0.014880958326442864
0 0.1636905415908715
-36 0.17857149991731436
-5 0.0
-34 0.014880958326442864
-15 0.0
0 0.0
0 0.1636905415908715
-12 0.17857149991731436
-8 0.0
-5 0.0
-5 0.0
0 0.0
-31 0.014880958326442864
-15 0.0
0 0.1636905415908715
-29 0.17857149991731436
-5 0.0
0 0.0
-15 0.0
-34 0.014880958326442864
0 0.1636905415908715
-12 0.17857149991731436
-8 0.0
-5 0.0
-5 0.0
0 0.0
-15 0.0
-31 0.014880958326442864
0 0.1636905415908715
-36 0.17857149991731436
-3 0.0
-34 0.0
0 0.0
-15 0.0
0 0.19345245824375723
-12 0.1636905415908715
-8 0.0
-5 0.0
-15 0.0
-31 0.0
0 0.0
-5 0.17857149991731436
0 0.0
-29 0.17857149991731436
4 0.0
-34 0.0
0 0.0
-15 0.0
0 0.17857149991731436
-36 0.17857149991731436
-12 0.0
-8 0.0
-5 0.0
0 0.0
-15 0.0
-31 0.014880958326442864
0 0.1636905415908715
-38 0.1636905415908715
-10 0.014880958326442864
0 0.0
-34 0.014880958326442864
-15 0.0
0 0.1636905415908715
-10 0.17857149991731436
-7 0.0
-2 0.0
-7 0.0
0 0.0
-15 0.0
-31 0.014880958326442864
0 0.1636905415908715
-27 0.17857149991731436
-7 0.0
-34 0.0
0 0.0
-15 0.0
0 0.17857149991731436
-29 0.1636905415908715
-10 0.014880958326442864
-7 0.0
-2 0.0
-5 0.0
0 0.0
-31 0.014880958326442864
-15 0.0
-7 0.1636905415908715
0 0.0
-31 0.17857149991731436
-34 0.0
0 0.0
-15 0.0
0 0.17857149991731436
-12 0.17857149991731436
-7 0.0
-3 0.0
-15 0.0
-31 0.0
0 0.0
0 0.17857149991731436
-36 0.17857149991731436
5 0.0
-7 0.0
-34 0.0
0 0.0
-15 0.0
0 0.17857149991731436
7 0.1636905415908715
-12 0.014880958326442864
-7 0.0
-3 0.0
-5 0.0
0 0.0
-31 0.014880958326442864
-15 0.0
-3 0.1636905415908715
0 0.0
-31 0.17857149991731436
9 0.0
-20 0.0
-34 0.0
0 0.0
-15 0.014880958326442864
0 0.1636905415908715
-12 0.17857149991731436
-7 0.0
-3 0.0
-2 0.0
0 0.0
-15 0.0
-31 0.014880958326442864
0 0.1636905415908715
-36 0.17857149991731436
5 0.0
-34 0.0
-15 0.014880958326442864
0 0.0
0 0.1636905415908715
-12 0.17857149991731436
-7 0.0
-3 0.0
-15 0.0
0 0.0
-31 0.0
7 0.17857149991731436
0 0.0
-31 0.1636905415908715
-34 0.014880958326442864
0 0.0
-15 0.0
0 0.17857149991731436
-12 0.17857149991731436
-7 0.0
-3 0.0
7 0.0
0 0.0
-15 0.0
-31 0.014880958326442864
0 0.1636905415908715
-27 0.17857149991731436
9 0.0
-5 0.0
-34 0.0
0 0.0
-15 0.0
0 0.17857149991731436
-26 0.17857149991731436
-12 0.0
-7 0.0
-3 0.0
-7 0.014880958326442864
-15 0.0
-31 0.0
0 0.0
5 0.1636905415908715
-5 0.0
0 0.0
-24 0.17857149991731436
7 0.0
-34 0.0
0 0.0
-15 0.014880958326442864
0 0.1636905415908715
-8 0.17857149991731436
-12 0.0
-5 0.0
7 0.0
0 0.0
-15 0.0
-31 0.014880958326442864
0 0.14880958326442864
0 0.014880958326442864
-29 0.17857149991731436
4 0.0
-34 0.0
0 0.0
-15 0.0
7 0.1636905415908715
0 0.014880958326442864
-12 0.17857149991731436
-8 0.0
-5 0.0
0 0.0
0 0.0
-15 0.0
-31 0.014880958326442864
4 0.14880958326442864
0 0.014880958326442864
-24 0.17857149991731436
7 0.0
-34 0.0
0 0.0
-15 0.0
4 0.1636905415908715
0 0.014880958326442864
-12 0.17857149991731436
-8 0.0
-5 0.0
0 0.0
0 0.0
-15 0.0
-31 0.014880958326442864
0 0.1636905415908715
-39 0.1636905415908715
9 0.014880958326442864
-3 0.0
-34 0.0
0 0.0
-15 0.0
0 0.17857149991731436
-36 0.17857149991731436
-12 0.0
-8 0.0
-5 0.0
0 0.0
-5 0.014880958326442864
-31 0.0
-15 0.0
0 0.1636905415908715
-34 0.17857149991731436
5 0.0
-7 0.0
-15 0.014880958326442864
-34 0.0
0 0.0
0 0.1636905415908715
-10 0.17857149991731436
-7 0.0
-3 0.0
-15 0.0
-31 0.0
0 0.0
-3 0.17857149991731436
0 0.0
-27 0.17857149991731436
0 0.0
-34 0.0
0 0.0
-15 0.0
0 0.17857149991731436
-10 0.17857149991731436
-7 0.0
-3 0.0
0 0.0
5 0.014880958326442864
-31 0.0
-15 0.0
2 0.1636905415908715
0 0.0
-34 0.17857149991731436
0 0.0
-34 0.0
0 0.0
-15 0.0
-3 0.1636905415908715
0 0.014880958326442864
-10 0.17857149991731436
-7 0.0
-3 0.0
0 0.0
-15 0.014880958326442864
-31 0.0
0 0.0
0 0.1636905415908715
-27 0.17857149991731436
7 0.0
-3 0.0
-34 0.0
0 0.0
-15 0.0
0 0.17857149991731436
-24 0.17857149991731436
-7 0.0
-10 0.0
-3 0.0
0 0.0
0 0.014880958326442864
-31 0.0
-15 0.0
12 0.014880958326442864
2 0.14880958326442864
0 0.0
-26 0.17857149991731436
12 0.0
-34 0.0
0 0.0
0 0.17857149991731436
-10 0.17857149991731436
-7 0.0
-2 0.0
0 0.0
0 0.0
-31 0.014880958326442864
-15 0.0
0 0.1636905415908715
-31 0.17857149991731436
10 0.0
0 0.0
-15 0.0
-34 0.014880958326442864
5 0.14880958326442864
0 0.014880958326442864
-7 0.1636905415908715
-10 0.014880958326442864
-2 0.0
7 0.0
-15 0.014880958326442864
-31 0.0
0 0.0
7 0.1636905415908715
0 0.0
-26 0.17857149991731436
7 0.0
-34 0.0
0 0.0
-15 0.0
0 0.17857149991731436
-7 0.17857149991731436
-10 0.0
-2 0.0
-15 0.0
0 0.0
-31 0.014880958326442864
0 0.1636905415908715
-26 0.17857149991731436
14 0.0
2 0.0
0 0.0
-15 0.0
-34 0.014880958326442864
0 0.17857149991731436
-29 0.1636905415908715
-10 0.0
-7 0.0
-2 0.0
0 0.0
-3 0.014880958326442864
-15 0.0
-31 0.014880958326442864
0 0.14880958326442864
0 0.0
-31 0.17857149991731436
17 0.0
-34 0.0
0 0.0
-15 0.014880958326442864
0 0.1636905415908715
-12 0.17857149991731436
-7 0.0
-3 0.0
5 0.0
-3 0.0
0 0.0
-31 0.014880958326442864
-15 0.0
7 0.13392862493798577
0 0.029761916652885727
-36 0.17857149991731436
-34 0.0
0 0.0
-15 0.0
5 0.1636905415908715
0 0.014880958326442864
-12 0.17857149991731436
-7 0.0
-3 0.0
7 0.0
0 0.0
-15 0.0
-31 0.014880958326442864
0 0.1636905415908715
-31 0.17857149991731436
5 0.0
-34 0.0
0 0.0
-15 0.0
7 0.1636905415908715
0 0.014880958326442864
-12 0.1636905415908715
-7 0.014880958326442864
-3 0.0
-15 0.0
-31 0.0
0 0.0
0 0.17857149991731436
-27 0.17857149991731436
9 0.0
-5 0.0
-34 0.0
0 0.0
-15 0.014880958326442864
0 0.1636905415908715
5 0.1636905415908715
-12 0.014880958326442864
-7 0.0
-3 0.0
0 0.0
-26 0.014880958326442864
-7 0.0
-31 0.014880958326442864
-15 0.0
7 0.14880958326442864
-5 0.0
0 0.0
-24 0.17857149991731436
-34 0.0
0 0.0
-15 0.014880958326442864
0 0.1636905415908715
-8 0.17857149991731436
-12 0.0
-5 0.0
2 0.0
0 0.0
-3 0.014880958326442864
-31 0.0
-15 0.0
0 0.1636905415908715
-29 0.17857149991731436
12 0.0
-34 0.0
0 0.0
-15 0.014880958326442864
7 0.14880958326442864
0 0.014880958326442864
-12 0.17857149991731436
-8 0.0
-5 0.0
9 0.0
0 0.0
-31 0.014880958326442864
-15 0.0
12 0.1636905415908715
0 0.0
7 0.1636905415908715
-24 0.014880958326442864
0 0.0
-15 0.0
-34 0.014880958326442864
0 0.1636905415908715
0 0.0
-12 0.1636905415908715
-8 0.014880958326442864
-5 0.0
0 0.0
0 0.0
-15 0.0
-31 0.014880958326442864
0 0.1636905415908715
-29 0.17857149991731436
9 0.0
-5 0.0
0 0.0
-15 0.0
-34 0.014880958326442864
0 0.1636905415908715
-24 0.17857149991731436
-8 0.0
-12 0.0
-5 0.0
0 0.0
-7 0.014880958326442864
-31 0.0
-15 0.0
-7 0.14880958326442864
0 0.014880958326442864
-26 0.17857149991731436
5 0.0
-34 0.014880958326442864
-15 0.0
0 0.0
0 0.1636905415908715
-10 0.17857149991731436
-7 0.0
-2 0.0
-15 0.0
0 0.0
-31 0.014880958326442864
5 0.1636905415908715
0 0.0
-31 0.17857149991731436
14 0.0
-34 0.0
0 0.0
-15 0.0
5 0.17857149991731436
0 0.0
-10 0.17857149991731436
-7 0.0
-2 0.0
2 0.0
0 0.0
-31 0.014880958326442864
-15 0.0
12 0.14880958326442864
0 0.014880958326442864
-26 0.17857149991731436
12 0.0
-34 0.0
0 0.0
-15 0.0
0 0.17857149991731436
-10 0.1636905415908715
-7 0.014880958326442864
-2 0.0
10 0.0
0 0.0
-15 0.0
-31 0.014880958326442864
0 0.1636905415908715
-27 0.17857149991731436
5 0.0
-7 0.0
-34 0.0
0 0.0
-15 0.0
0 0.17857149991731436
-29 0.17857149991731436
7 0.0
-10 0.0
-7 0.0
-2 0.0
0 0.0
-5 0.014880958326442864
-15 0.0
-31 0.014880958326442864
5 0.14880958326442864
-7 0.0
0 0.0
-31 0.1636905415908715
-34 0.014880958326442864
0 0.0
-15 0.014880958326442864
0 0.1636905415908715
-7 0.1636905415908715
-12 0.014880958326442864
-3 0.0
-15 0.0
-31 0.0
0 0.0
-2 0.17857149991731436
7 0.0
0 0.0
-36 0.17857149991731436
-34 0.0
0 0.0
-15 0.0
-2 0.17857149991731436
7 0.0
0 0.0
-12 0.17857149991731436
-7 0.0
-3 0.0
-2 0.0
7 0.0
0 0.0
-31 0.014880958326442864
-15 0.0
0 0.1636905415908715
-31 0.17857149991731436
-3 0.0
5 0.0
0 0.0
-15 0.0
-34 0.014880958326442864
0 0.1636905415908715
-12 0.17857149991731436
-7 0.0
-3 0.0
-15 0.0
-31 0.0
0 0.0
0 0.17857149991731436
-36 0.17857149991731436
-34 0.0
0 0.0
-15 0.0
0 0.17857149991731436
-3 0.1636905415908715
-35 0.014880958326442864
-12 0.0
-7 0.0
0 0.0
-15 0.0
-31 0.014880958326442864
0 0.1636905415908715
-34 0.17857149991731436
-20 0.0
-34 0.0
0 0.0
0 0.17857149991731436
-10 0.17857149991731436
-7 0.0
-3 0.0
-7 0.0
0 0.0
-15 0.0
-31 0.014880958326442864
0 0.1636905415908715
-27 0.17857149991731436
-7 0.0
-34 0.0
0 0.0
-15 0.0
0 0.17857149991731436
-34 0.17857149991731436
-10 0.0
-7 0.0
-3 0.0
0 0.0
-7 0.014880958326442864
-31 0.0
-15 0.0
0 0.1636905415908715
-36 0.17857149991731436
-8 0.0
0 0.0
-15 0.0
-34 0.014880958326442864
0 0.1636905415908715
-12 0.17857149991731436
-8 0.0
-5 0.0
-15 0.0
0 0.0
-31 0.014880958326442864
0 0.1636905415908715
-36 0.17857149991731436
-7 0.0
-34 0.0
0 0.0
-15 0.0
0 0.17857149991731436
-12 0.17857149991731436
-8 0.0
-5 0.0
-5 0.0
0 0.0
-15 0.0
-31 0.014880958326442864
0 0.1636905415908715
-31 0.17857149991731436
-3 0.0
-34 0.0
-15 0.014880958326442864
0 0.0
0 0.1636905415908715
-12 0.17857149991731436
-7 0.0
-3 0.0
-15 0.0
0 0.0
-31 0.0
-3 0.17857149991731436
0 0.0
-24 0.17857149991731436
-3 0.0
-34 0.0
0 0.0
-15 0.0
0 0.17857149991731436
-12 0.17857149991731436
-7 0.0
-3 0.0
0 0.0
-15 0.0
-31 0.014880958326442864
-3 0.1636905415908715
0 0.0
-31 0.17857149991731436
-3 0.0
-34 0.0
0 0.0
-15 0.0
0 0.17857149991731436
-3 0.1636905415908715
-12 0.014880958326442864
-7 0.0
-7 0.0
0 0.0
-15 0.0
-31 0.014880958326442864
0 0.1636905415908715
-29 0.1636905415908715
17 0.014880958326442864
-34 0.0
0 0.0
-15 0.0
0 0.17857149991731436
-27 0.17857149991731436
-12 0.0
-7 0.0
-3 0.0
0 0.0
-15 0.0
-31 0.014880958326442864
-7 0.1636905415908715
0 0.0
-26 0.1636905415908715
14 0.014880958326442864
-2 0.0
-34 0.0
-15 0.014880958326442864
0 0.0
0 0.1636905415908715
-7 0.17857149991731436
-10 0.0
-2 0.0
-2 0.0
0 0.0
-15 0.0
-31 0.014880958326442864
-2 0.14880958326442864
0 0.014880958326442864
-26 0.17857149991731436
-34 0.0
0 0.0
-15 0.0
0 0.17857149991731436
-10 0.1636905415908715
-7 0.014880958326442864
-2 0.0
-2 0.0
0 0.0
-15 0.0
-31 0.014880958326442864
-2 0.14880958326442864
0 0.014880958326442864
-31 0.17857149991731436
-34 0.0
0 0.0
-15 0.0
0 0.17857149991731436
-3 0.1636905415908715
-12 0.014880958326442864
-7 0.0
-3 0.0
0 0.0
-31 0.014880958326442864
-15 0.0
0 0.1636905415908715
-31 0.17857149991731436
-5 0.0
-34 0.0
0 0.0
-15 0.0
0 0.17857149991731436
-27 0.17857149991731436
-12 0.0
-7 0.0
-3 0.0
0 0.0
-7 0.014880958326442864
-15 0.0
-31 0.014880958326442864
-24 0.13392862493798577
0 0.014880958326442864
-36 0.17857149991731436
12 0.0
-5 0.0
-15 0.014880958326442864
-34 0.0
0 0.0
0 0.1636905415908715
-12 0.17857149991731436
-8 0.0
-5 0.0
-15 0.0
-31 0.0
0 0.0
0 0.17857149991731436
-29 0.17857149991731436
12 0.0
-3 0.0
-34 0.0
0 0.0
-15 0.0
0 0.17857149991731436
-8 0.1636905415908715
-12 0.014880958326442864
-5 0.0
-3 0.0
0 0.0
-15 0.0
-31 0.014880958326442864
-5 0.1636905415908715
0 0.0
-24 0.17857149991731436
-34 0.0
0 0.0
-15 0.0
0 0.17857149991731436
-8 0.1636905415908715
-12 0.014880958326442864
-5 0.0
-15 0.0
0 0.0
-31 0.014880958326442864
0 0.1636905415908715
-36 0.17857149991731436
12 0.0
-34 0.0
0 0.0
-15 0.0
0 0.17857149991731436
-35 0.17857149991731436
-12 0.0
-8 0.0
-5 0.0
0 0.0
-15 0.0
-31 0.014880958326442864
0 0.1636905415908715
-34 0.17857149991731436
9 0.0
-3 0.014880958326442864
-34 0.0
-15 0.0
0 0.0
0 0.1636905415908715
-10 0.17857149991731436
-7 0.0
-3 0.0
-3 0.0
0 0.0
-31 0.014880958326442864
-15 0.0
0 0.1636905415908715
-34 0.17857149991731436
-3 0.0
-34 0.0
0 0.0
-15 0.0
-3 0.17857149991731436
0 0.0
-10 0.17857149991731436
-7 0.0
-3 0.0
-15 0.0
0 0.0
-31 0.0
0 0.17857149991731436
-33 0.17857149991731436
-5 0.0
-34 0.0
0 0.0
-15 0.0
0 0.17857149991731436
-14 0.17857149991731436
-9 0.0
-5 0.0
-5 0.0
0 0.0
-15 0.0
-31 0.014880958326442864
0 0.1636905415908715
-29 0.17857149991731436
14 0.0
-5 0.0
-34 0.0
0 0.0
-15 0.014880958326442864
-5 0.1636905415908715
0 0.0
-26 0.17857149991731436
-14 0.0
-9 0.0
-5 0.0
-15 0.014880958326442864
-31 0.0
0 0.0
0 0.1636905415908715
-26 0.17857149991731436
17 0.0
-7 0.0
-34 0.0
-15 0.014880958326442864
0 0.0
0 0.1636905415908715
-14 0.1636905415908715
-10 0.014880958326442864
-7 0.0
-7 0.0
0 0.0
-15 0.0
-31 0.014880958326442864
0 0.1636905415908715
-27 0.17857149991731436
-7 0.0
-34 0.0
0 0.0
-15 0.0
-7 0.17857149991731436
0 0.0
-14 0.1636905415908715
-29 0.014880958326442864
-10 0.0
-7 0.0
0 0.0
-15 0.0
-31 0.014880958326442864
0 0.1636905415908715
-31 0.1636905415908715
-7 0.014880958326442864
-34 0.0
0 0.0
-15 0.0
0 0.17857149991731436
-7 0.17857149991731436
-12 0.0
-3 0.0
-7 0.0
0 0.0
-15 0.0
-31 0.014880958326442864
0 0.1636905415908715
-31 0.17857149991731436
-7 0.0
-34 0.0
0 0.0
-15 0.0
-7 0.1636905415908715
0 0.014880958326442864
-7 0.17857149991731436
-12 0.0
-3 0.0
-15 0.0
-31 0.0
0 0.0
0 0.17857149991731436
-24 0.17857149991731436
16 0.0
-5 0.0
-34 0.0
-15 0.014880958326442864
0 0.0
0 0.1636905415908715
-5 0.1636905415908715
-12 0.014880958326442864
-8 0.0
-3 0.0
0 0.0
-15 0.0
-31 0.014880958326442864
-5 0.1636905415908715
0 0.0
-29 0.17857149991731436
-34 0.0
0 0.0
-15 0.0
0 0.17857149991731436
-8 0.17857149991731436
-12 0.0
-5 0.0
-15 0.0
0 0.0
-31 0.0
0 0.17857149991731436
-24 0.1636905415908715
-34 0.014880958326442864
0 0.0
-15 0.0
0 0.17857149991731436
-12 0.17857149991731436
-8 0.0
-5 0.0
-15 0.0
0 0.0
-31 0.0
0 0.17857149991731436
-29 0.17857149991731436
-5 0.0
-34 0.0
0 0.0
-15 0.0
0 0.17857149991731436
-8 0.1636905415908715
-29 0.014880958326442864
-12 0.0
-5 0.0
0 0.0
-3 0.014880958326442864
-31 0.0
-15 0.0
0 0.1636905415908715
-24 0.17857149991731436
-2 0.0
-34 0.0
0 0.0
-15 0.014880958326442864
0 0.1636905415908715
-12 0.17857149991731436
-8 0.0
-5 0.0
-15 0.0
-31 0.0
0 0.0
0 0.17857149991731436
-29 0.1636905415908715
-34 0.014880958326442864
0 0.0
-15 0.0
0 0.17857149991731436
-12 0.17857149991731436
-8 0.0
-5 0.0
-15 0.0
-31 0.0
0 0.0
0 0.17857149991731436
-24 0.17857149991731436
-23 0.0
-34 0.0
0 0.0
-15 0.0
0 0.17857149991731436
-12 0.17857149991731436
-8 0.0
-5 0.0
-20 0.0
-31 0.0
0 0.0
-34 0.014880958326442864
0 0.1636905415908715
-7 0.17857149991731436
0 0.0
-15 0.0
0 0.17857149991731436
-5 0.17857149991731436
0 0.0
-3 0.17857149991731436
0 0.0
-31 0.17857149991731436
9 0.0
-20 0.0
-34 0.0
0 0.0
-15 0.014880958326442864
0 0.1636905415908715
-12 0.17857149991731436
-7 0.0
-3 0.0
-2 0.0
0 0.0
-15 0.0
-31 0.014880958326442864
0 0.1636905415908715
-36 0.17857149991731436
5 0.0
-34 0.0
0 0.0
-15 0.0
0 0.17857149991731436
-12 0.17857149991731436
-7 0.0
-3 0.0
-15 0.0
-31 0.0
0 0.0
7 0.1636905415908715
0 0.014880958326442864
-31 0.17857149991731436
-34 0.0
0 0.0
-15 0.0
0 0.17857149991731436
-7 0.17857149991731436
-12 0.0
-3 0.0
7 0.0
0 0.0
-15 0.0
-31 0.014880958326442864
0 0.1636905415908715
-27 0.17857149991731436
9 0.0
-5 0.0
-34 0.0
0 0.0
-15 0.0
0 0.17857149991731436
-24 0.17857149991731436
-12 0.0
-7 0.0
-3 0.0
-7 0.014880958326442864
-15 0.0
-31 0.0
0 0.0
5 0.1636905415908715
-5 0.0
0 0.0
-36 0.17857149991731436
7 0.0
-34 0.0
0 0.0
-15 0.014880958326442864
0 0.1636905415908715
-12 0.17857149991731436
-8 0.0
-5 0.0
7 0.0
0 0.0
-15 0.0
-31 0.014880958326442864
0 0.1636905415908715
0 0.0
-29 0.17857149991731436
4 0.0
-34 0.0
0 0.0
-15 0.0
7 0.17857149991731436
0 0.0
-12 0.17857149991731436
-8 0.0
-5 0.0
0 0.0
0 0.0
-15 0.0
-31 0.014880958326442864
4 0.14880958326442864
0 0.014880958326442864
-36 0.17857149991731436
7 0.0
-34 0.0
0 0.0
-15 0.0
4 0.17857149991731436
0 0.0
-8 0.17857149991731436
-12 0.0
-5 0.0
0 0.0
0 0.0
-15 0.0
-31 0.014880958326442864
0 0.1636905415908715
-29 0.17857149991731436
9 0.0
-3 0.0
0 0.0
-15 0.0
-34 0.014880958326442864
0 0.1636905415908715
-12 0.17857149991731436
-8 0.0
-5 0.0
-5 0.0
0 0.0
-31 0.014880958326442864
-15 0.0
-7 0.1636905415908715
0 0.0
-34 0.17857149991731436
5 0.0
-34 0.0
0 0.0
-15 0.014880958326442864
0 0.1636905415908715
-10 0.17857149991731436
-7 0.0
-3 0.0
-15 0.0
-31 0.0
0 0.0
-3 0.17857149991731436
0 0.0
-27 0.17857149991731436
0 0.0
-34 0.0
0 0.0
-15 0.0
0 0.17857149991731436
-10 0.17857149991731436
-7 0.0
-3 0.0
0 0.0
5 0.014880958326442864
-31 0.0
-15 0.0
2 0.1636905415908715
0 0.0
-34 0.17857149991731436
0 0.0
-34 0.0
0 0.0
-15 0.0
-3 0.17857149991731436
0 0.0
-10 0.17857149991731436
-7 0.0
-3 0.0
0 0.0
-31 0.014880958326442864
-15 0.0
0 0.0
0 0.17857149991731436
-34 0.1636905415908715
7 0.0
-3 0.0
-34 0.0
0 0.0
-15 0.0
0 0.17857149991731436
-27 0.17857149991731436
12 0.0
-10 0.0
-7 0.0
-3 0.0
0 0.014880958326442864
-15 0.0
-31 0.0
0 0.0
2 0.1636905415908715
0 0.0
-26 0.17857149991731436
12 0.0
-34 0.0
0 0.0
-15 0.014880958326442864
0 0.1636905415908715
-7 0.17857149991731436
-10 0.0
-2 0.0
0 0.0
0 0.0
-31 0.014880958326442864
-15 0.0
0 0.1636905415908715
-31 0.17857149991731436
10 0.0
-34 0.0
-15 0.014880958326442864
0 0.0
5 0.14880958326442864
0 0.014880958326442864
-2 0.1636905415908715
-10 0.014880958326442864
-7 0.0
7 0.0
-15 0.014880958326442864
-31 0.0
0 0.0
7 0.1636905415908715
0 0.0
-26 0.17857149991731436
7 0.0
-34 0.0
0 0.0
-15 0.0
0 0.17857149991731436
-10 0.17857149991731436
-7 0.0
-2 0.0
-15 0.0
-31 0.0
0 0.014880958326442864
0 0.1636905415908715
-26 0.17857149991731436
14 0.0
2 0.0
0 0.0
-15 0.0
-34 0.014880958326442864
0 0.1636905415908715
-29 0.17857149991731436
-7 0.0
-10 0.0
-2 0.0
0 0.0
-3 0.014880958326442864
-31 0.014880958326442864
-15 0.0
0 0.14880958326442864
0 0.0
-31 0.17857149991731436
17 0.0
-34 0.0
0 0.0
-15 0.014880958326442864
0 0.1636905415908715
-12 0.17857149991731436
-7 0.0
-3 0.0
5 0.0
-3 0.0
0 0.0
-31 0.014880958326442864
-15 0.0
7 0.14880958326442864
0 0.014880958326442864
-36 0.17857149991731436
-34 0.0
0 0.0
-15 0.0
5 0.1636905415908715
0 0.014880958326442864
-12 0.17857149991731436
-7 0.0
-3 0.0
7 0.0
0 0.0
-15 0.0
-31 0.014880958326442864
0 0.1636905415908715
-31 0.17857149991731436
5 0.0
-34 0.0
0 0.0
-15 0.0
7 0.17857149991731436
0 0.0
-12 0.1636905415908715
-7 0.014880958326442864
-3 0.0
-15 0.0
0 0.0
-31 0.0
0 0.17857149991731436
-27 0.17857149991731436
9 0.0
-5 0.0
-34 0.0
0 0.0
-15 0.0
0 0.17857149991731436
5 0.17857149991731436
-12 0.0
-7 0.0
-3 0.0
0 0.0
-26 0.014880958326442864
-7 0.0
-31 0.014880958326442864
-15 0.0
7 0.14880958326442864
-5 0.0
0 0.0
-24 0.17857149991731436
-34 0.0
0 0.0
-15 0.014880958326442864
0 0.1636905415908715
-8 0.17857149991731436
-12 0.0
-5 0.0
2 0.0
0 0.0
-3 0.014880958326442864
-31 0.0
-15 0.0
0 0.1636905415908715
-29 0.17857149991731436
12 0.0
-34 0.0
-15 0.014880958326442864
0 0.0
7 0.1636905415908715
0 0.0
-12 0.17857149991731436
-8 0.0
-5 0.0
9 0.0
0 0.0
-31 0.014880958326442864
-15 0.0
12 0.1636905415908715
0 0.0
-24 0.17857149991731436
7 0.0
-34 0.0
0 0.0
-15 0.0
0 0.1636905415908715
0 0.014880958326442864
-12 0.17857149991731436
-8 0.0
-5 0.0
0 0.0
0 0.0
-15 0.0
-31 0.014880958326442864
0 0.1636905415908715
-29 0.17857149991731436
9 0.0
-5 0.0
-34 0.0
0 0.0
-15 0.0
0 0.17857149991731436
-27 0.17857149991731436
-12 0.0
-8 0.0
-5 0.0
0 0.0
-7 0.014880958326442864
-31 0.0
-15 0.0
-7 0.14880958326442864
0 0.014880958326442864
5 0.17857149991731436
-26 0.014880958326442864
-15 0.0
-34 0.0
0 0.0
0 0.1636905415908715
-10 0.17857149991731436
-7 0.0
-2 0.0
-15 0.0
-31 0.0
0 0.0
5 0.17857149991731436
0 0.0
-31 0.17857149991731436
14 0.0
-34 0.0
0 0.0
-15 0.0
5 0.17857149991731436
0 0.0
-7 0.17857149991731436
-10 0.0
-2 0.0
2 0.0
0 0.0
-15 0.0
-31 0.014880958326442864
12 0.14880958326442864
0 0.014880958326442864
-26 0.17857149991731436
12 0.0
-34 0.0
0 0.0
-15 0.0
0 0.17857149991731436
-10 0.1636905415908715
-7 0.014880958326442864
-2 0.0
10 0.0
0 0.0
-15 0.0
-31 0.014880958326442864
0 0.1636905415908715
-27 0.17857149991731436
5 0.0
-7 0.0
-34 0.0
0 0.0
-15 0.0
0 0.17857149991731436
-29 0.17857149991731436
7 0.0
-7 0.0
-10 0.0
-2 0.0
0 0.0
-5 0.014880958326442864
-15 0.0
-31 0.014880958326442864
5 0.13392862493798577
-7 0.014880958326442864
0 0.0
-31 0.17857149991731436
-34 0.0
0 0.0
0 0.17857149991731436
-12 0.17857149991731436
-7 0.0
-3 0.0
-15 0.0
0 0.0
-31 0.0
-2 0.17857149991731436
7 0.0
0 0.0
-36 0.17857149991731436
-34 0.0
0 0.0
-15 0.0
-2 0.17857149991731436
7 0.0
0 0.0
-12 0.17857149991731436
-7 0.0
-3 0.0
7 0.0
0 0.0
-2 0.014880958326442864
-31 0.0
-15 0.0
0 0.1636905415908715
-31 0.1636905415908715
-3 0.014880958326442864
5 0.0
-34 0.0
0 0.0
-15 0.0
0 0.17857149991731436
-7 0.17857149991731436
-12 0.0
-3 0.0
-15 0.0
0 0.0
-31 0.014880958326442864
0 0.1636905415908715
-36 0.17857149991731436
-7 0.0
-34 0.0
0 0.0
-15 0.0
0 0.17857149991731436
-12 0.17857149991731436
-7 0.0
-3 0.0
-5 0.0
0 0.0
-15 0.0
-31 0.014880958326442864
-3 0.1636905415908715
0 0.0
-31 0.17857149991731436
-20 0.0
-34 0.0
0 0.0
-15 0.014880958326442864
0 0.1636905415908715
-12 0.17857149991731436
-7 0.0
-3 0.0
-2 0.0
0 0.0
-15 0.0
-31 0.014880958326442864
0 0.1636905415908715
-36 0.17857149991731436
9 0.0
5 0.0
-34 0.0
-15 0.014880958326442864
0 0.0
0 0.1636905415908715
-12 0.17857149991731436
-7 0.0
-3 0.0
-15 0.0
-31 0.0
0 0.014880958326442864
7 0.1636905415908715
0 0.0
-31 0.17857149991731436
-34 0.0
0 0.0
-15 0.0
0 0.17857149991731436
-7 0.17857149991731436
-12 0.0
-3 0.0
7 0.0
0 0.0
-15 0.0
-31 0.014880958326442864
0 0.1636905415908715
-27 0.17857149991731436
-5 0.0
-34 0.0
0 0.0
-15 0.0
0 0.17857149991731436
-24 0.17857149991731436
-12 0.0
-7 0.0
-3 0.0
-7 0.0
0 0.0
-31 0.014880958326442864
-15 0.0
-5 0.1636905415908715
0 0.0
-36 0.17857149991731436
-34 0.0
0 0.0
-15 0.014880958326442864
0 0.1636905415908715
-12 0.17857149991731436
-8 0.0
-5 0.0
7 0.0
0 0.0
-31 0.014880958326442864
-15 0.0
0 0.14880958326442864
0 0.014880958326442864
-29 0.17857149991731436
9 0.0
4 0.0
0 0.0
-15 0.0
-34 0.014880958326442864
7 0.1636905415908715
0 0.0
-8 0.1636905415908715
-12 0.014880958326442864
-5 0.0
0 0.0
0 0.0
-15 0.0
-31 0.014880958326442864
5 0.13392862493798577
4 0.014880958326442864
0 0.014880958326442864
-36 0.17857149991731436
7 0.0
-34 0.0
0 0.0
-15 0.0
4 0.17857149991731436
0 0.0
-12 0.17857149991731436
-8 0.0
-5 0.0
0 0.0
0 0.0
-15 0.0
-31 0.014880958326442864
0 0.1636905415908715
-29 0.1636905415908715
-3 0.014880958326442864
-34 0.0
0 0.0
-15 0.0
0 0.17857149991731436
-12 0.1636905415908715
-8 0.014880958326442864
-5 0.0
-5 0.0
0 0.0
-15 0.0
-31 0.014880958326442864
-7 0.1636905415908715
0 0.0
-34 0.17857149991731436
-34 0.0
0 0.0
0 0.17857149991731436
-10 0.17857149991731436
-7 0.0
-3 0.0
-15 0.0
0 0.0
-31 0.0
-3 0.17857149991731436
0 0.0
-27 0.17857149991731436
9 0.0
0 0.0
0 0.0
-34 0.014880958326442864
-15 0.0
0 0.1636905415908715
-10 0.17857149991731436
-7 0.0
-3 0.0
0 0.0
5 0.014880958326442864
-31 0.0
-15 0.0
2 0.1636905415908715
0 0.0
-34 0.17857149991731436
5 0.0
0 0.0
0 0.0
-34 0.014880958326442864
-15 0.0
-3 0.1636905415908715
0 0.0
-10 0.17857149991731436
-7 0.0
-3 0.0
0 0.0
-15 0.014880958326442864
-31 0.0
0 0.0
0 0.1636905415908715
-34 0.17857149991731436
-3 0.0
-34 0.0
0 0.0
-15 0.0
0 0.17857149991731436
-27 0.17857149991731436
-10 0.0
-7 0.0
-3 0.0
0 0.0
0 0.014880958326442864
-31 0.0
-15 0.0
2 0.1636905415908715
0 0.0
-26 0.17857149991731436
-34 0.0
0 0.0
0 0.17857149991731436
-10 0.17857149991731436
-7 0.0
-2 0.0
0 0.0
0 0.0
-31 0.014880958326442864
-15 0.0
0 0.1636905415908715
-31 0.17857149991731436
14 0.0
10 0.0
-34 0.0
-15 0.014880958326442864
0 0.0
5 0.1636905415908715
0 0.0
-7 0.17857149991731436
-10 0.0
-2 0.0
7 0.0
0 0.0
-31 0.014880958326442864
-15 0.0
7 0.1636905415908715
0 0.0
-26 0.17857149991731436
17 0.0
7 0.0
-34 0.0
0 0.0
-15 0.0
0 0.17857149991731436
-7 0.17857149991731436
-10 0.0
-2 0.0
0 0.0
-31 0.014880958326442864
-15 0.0
0 0.1636905415908715
-26 0.1636905415908715
2 0.014880958326442864
-34 0.0
0 0.0
-15 0.0
0 0.17857149991731436
-29 0.17857149991731436
-10 0.0
-7 0.0
-2 0.0
0 0.0
-3 0.014880958326442864
-31 0.0
-15 0.0
0 0.1636905415908715
0 0.0
-31 0.17857149991731436
-34 0.0
0 0.0
0 0.17857149991731436
-12 0.17857149991731436
-7 0.0
-3 0.0
5 0.0
0 0.0
-3 0.014880958326442864
-31 0.0
-15 0.0
7 0.14880958326442864
0 0.014880958326442864
-36 0.17857149991731436
-34 0.0
0 0.0
-15 0.0
5 0.1636905415908715
0 0.014880958326442864
-12 0.17857149991731436
-7 0.0
-3 0.0
7 0.0
0 0.0
-15 0.0
-31 0.014880958326442864
0 0.1636905415908715
-31 0.1636905415908715
5 0.014880958326442864
-34 0.0
0 0.0
-15 0.0
7 0.17857149991731436
0 0.0
-7 0.17857149991731436
-12 0.0
-3 0.0
-15 0.0
0 0.0
-31 0.0
0 0.17857149991731436
-27 0.17857149991731436
-5 0.0
-34 0.0
0 0.0
-15 0.0
0 0.17857149991731436
-3 0.1636905415908715
-26 0.014880958326442864
-12 0.0
-7 0.0
0 0.0
-7 0.014880958326442864
-31 0.0
-15 0.0
-5 0.1636905415908715
0 0.0
-24 0.17857149991731436
-34 0.0
0 0.0
-15 0.014880958326442864
0 0.1636905415908715
-12 0.17857149991731436
-8 0.0
-5 0.0
2 0.0
-3 0.0
0 0.0
-31 0.014880958326442864
-15 0.0
0 0.1636905415908715
-29 0.17857149991731436
9 0.0
12 0.0
-34 0.0
-15 0.014880958326442864
0 0.0
7 0.14880958326442864
0 0.014880958326442864
-8 0.17857149991731436
-12 0.0
-5 0.0
9 0.0
0 0.0
-31 0.014880958326442864
-15 0.0
12 0.1636905415908715
0 0.0
-24 0.17857149991731436
7 0.0
-34 0.0
-15 0.014880958326442864
0 0.0
0 0.1636905415908715
0 0.0
-12 0.17857149991731436
-8 0.0
-5 0.0
0 0.0
0 0.0
-15 0.0
-31 0.014880958326442864
0 0.1636905415908715
-29 0.17857149991731436
-5 0.0
-34 0.0
0 0.0
-15 0.0
0 0.17857149991731436
-8 0.17857149991731436
-12 0.0
-5 0.0
0 0.0
-27 0.014880958326442864
-7 0.0
-15 0.0
-31 0.014880958326442864
-7 0.13392862493798577
0 0.014880958326442864
-26 0.17857149991731436
-34 0.0
0 0.0
-15 0.014880958326442864
0 0.1636905415908715
-10 0.17857149991731436
-7 0.0
-2 0.0
-15 0.0
0 0.0
-31 0.014880958326442864
5 0.1636905415908715
0 0.0
-31 0.17857149991731436
14 0.0
14 0.0
0 0.0
-15 0.0
-34 0.014880958326442864
5 0.14880958326442864
0 0.014880958326442864
-10 0.17857149991731436
-7 0.0
-2 0.0
2 0.0
0 0.0
-31 0.014880958326442864
-15 0.0
12 0.14880958326442864
0 0.014880958326442864
-26 0.17857149991731436
10 0.0
12 0.0
0 0.0
-15 0.0
-34 0.014880958326442864
0 0.1636905415908715
-2 0.1636905415908715
-10 0.014880958326442864
-7 0.0
10 0.0
0 0.0
-31 0.014880958326442864
-15 0.0
0 0.1636905415908715
-27 0.17857149991731436
-7 0.0
-34 0.0
0 0.0
-15 0.0
0 0.17857149991731436
-29 0.17857149991731436
-7 0.0
-10 0.0
-2 0.0
-5 0.0
0 0.0
-15 0.014880958326442864
-31 0.014880958326442864
-7 0.13392862493798577
0 0.014880958326442864
-31 0.1636905415908715
-34 0.014880958326442864
0 0.0
0 0.17857149991731436
-12 0.1636905415908715
-7 0.014880958326442864
-3 0.0
-15 0.0
-31 0.0
0 0.0
-2 0.17857149991731436
7 0.0
0 0.0
-36 0.17857149991731436
-34 0.0
0 0.0
-15 0.0
-2 0.17857149991731436
7 0.0
0 0.0
-12 0.17857149991731436
-7 0.0
-3 0.0
7 0.0
0 0.0
-2 0.014880958326442864
-31 0.0
-15 0.0
0 0.1636905415908715
-31 0.17857149991731436
-3 0.0
5 0.0
-34 0.0
0 0.0
-15 0.0
0 0.17857149991731436
-12 0.1636905415908715
-31 0.014880958326442864
-7 0.0
-3 0.0
0 0.0
-15 0.0
-31 0.014880958326442864
0 0.1636905415908715
-32 0.17857149991731436
-5 0.0
0 0.0
-15 0.0
-34 0.014880958326442864
0 0.1636905415908715
-7 0.17857149991731436
-3 0.0
-34 0.014880958326442864
-12 0.0
-7 0.0
0 0.0
-31 0.014880958326442864
-15 0.0
-5 0.13392862493798577
0 0.014880958326442864
-36 0.17857149991731436
-34 0.0
0 0.0
-15 0.014880958326442864
0 0.1636905415908715
-8 0.17857149991731436
-12 0.0
-5 0.0
-15 0.0
0 0.0
-31 0.0
0 0.17857149991731436
-29 0.17857149991731436
9 0.0
-34 0.0
0 0.0
-15 0.0
0 0.17857149991731436
-8 0.17857149991731436
-12 0.0
-5 0.0
-15 0.0
-31 0.0
0 0.014880958326442864
5 0.1636905415908715
0 0.0
-24 0.17857149991731436
7 0.0
-34 0.0
0 0.0
-15 0.0
0 0.17857149991731436
-8 0.1636905415908715
-36 0.014880958326442864
-12 0.0
-5 0.0
0 0.0
-15 0.0
-31 0.014880958326442864
0 0.1636905415908715
-34 0.17857149991731436
-7 0.0
-34 0.0
0 0.0
-15 0.0
0 0.17857149991731436
-32 0.17857149991731436
-8 0.0
-12 0.0
-5 0.0
-5 0.0
0 0.0
-31 0.014880958326442864
-15 0.0
-7 0.14880958326442864
0 0.014880958326442864
-31 0.17857149991731436
-34 0.0
0 0.0
0 0.17857149991731436
-7 0.17857149991731436
-12 0.0
-3 0.0
-15 0.0
-31 0.0
0 0.0
0 0.17857149991731436
-24 0.17857149991731436
9 0.0
-34 0.0
0 0.0
-15 0.0
0 0.17857149991731436
-12 0.17857149991731436
-7 0.0
-3 0.0
-15 0.0
-31 0.0
0 0.014880958326442864
0 0.1636905415908715
-31 0.17857149991731436
5 0.0
-34 0.0
-15 0.014880958326442864
0 0.0
0 0.1636905415908715
-31 0.17857149991731436
-12 0.0
-7 0.0
-3 0.0
0 0.0
-15 0.0
-31 0.014880958326442864
0 0.1636905415908715
-32 0.17857149991731436
-5 0.0
-34 0.0
0 0.0
-15 0.014880958326442864
0 0.1636905415908715
-34 0.17857149991731436
-12 0.0
-7 0.0
-3 0.0
-7 0.0
0 0.0
-31 0.014880958326442864
-15 0.0
-5 0.1636905415908715
0 0.0
-36 0.17857149991731436
-34 0.0
0 0.0
0 0.17857149991731436
-12 0.17857149991731436
-8 0.0
-5 0.0
-15 0.0
0 0.0
-31 0.0
0 0.17857149991731436
-29 0.17857149991731436
9 0.0
-34 0.0
0 0.0
-15 0.0
0 0.17857149991731436
-12 0.17857149991731436
-8 0.0
-5 0.0
-15 0.0
0 0.0
-31 0.0
5 0.17857149991731436
0 0.0
-36 0.17857149991731436
5 0.0
-34 0.0
0 0.0
-15 0.0
0 0.17857149991731436
-36 0.17857149991731436
-12 0.0
-8 0.0
-5 0.0
-15 0.014880958326442864
-31 0.0
0 0.0
0 0.1636905415908715
-34 0.17857149991731436
-7 0.0
-34 0.0
0 0.0
-15 0.0
0 0.17857149991731436
-32 0.17857149991731436
-8 0.0
-12 0.0
-5 0.0
-5 0.0
0 0.0
-31 0.014880958326442864
-15 0.0
-7 0.1636905415908715
0 0.0
-31 0.17857149991731436
-34 0.0
0 0.0
0 0.17857149991731436
-12 0.17857149991731436
-7 0.0
-3 0.0
-15 0.0
-31 0.0
0 0.0
0 0.17857149991731436
-36 0.17857149991731436
9 0.0
-34 0.0
0 0.0
-15 0.0
0 0.17857149991731436
-12 0.17857149991731436
-7 0.0
-3 0.0
-15 0.0
-31 0.0
0 0.014880958326442864
0 0.1636905415908715
-31 0.17857149991731436
-10 0.0
-31 0.0
-34 0.014880958326442864
-12 0.327381083181743
-36 0.014880958326442864
-8 0.0
-5 0.0
-10 0.0
-31 0.014880958326442864
-31 0.34226204150818584
-12 0.0
-7 0.0
-3 0.0
-10 0.0
-31 0.0
