7 0.034571724939679756
7 0.0
6 0.21175181525553852
6 0.0
7 0.20310888402061855
7 0.0
6 0.20743034963807855
6 0.0043214656174599695
7 0.20310888402061855
7 0.0043214656174599695
2 0.20310888402061855
2 0.0
5 0.21175181525553852
5 0.0
3 0.20743034963807855
3 0.0
-24 0.20310888402061855
0 0.0
0 0.0043214656174599695
-24 0.0
-17 0.20310888402061855
-17 0.0043214656174599695
-12 0.20310888402061855
-12 0.0043214656174599695
-9 0.20310888402061855
-9 0.0043214656174599695
-5 0.20743034963807855
-5 0.0
0 0.20310888402061855
0 0.0043214656174599695
2 0.20310888402061855
-29 0.0
2 0.0
-29 0.0043214656174599695
-17 0.20310888402061855
-17 0.0043214656174599695
-13 0.20310888402061855
-13 0.0043214656174599695
-5 0.20310888402061855
-5 0.0043214656174599695
-1 0.20310888402061855
-1 0.0043214656174599695
2 0.20310888402061855
2 0.0043214656174599695
3 0.20310888402061855
3 0.0
-24 0.0043214656174599695
-24 0.0
-17 0.20743034963807855
-17 0.0
-12 0.20743034963807855
-12 0.0
-5 0.20310888402061855
-5 0.0
7 0.20743034963807855
7 0.0
6 0.20743034963807855
6 0.0043214656174599695
7 0.20310888402061855
7 0.0043214656174599695
6 0.20743034963807855
6 0.0
7 0.20310888402061855
7 0.0043214656174599695
2 0.20310888402061855
2 0.0
5 0.21175181525553852
5 0.0
3 0.20310888402061855
3 0.0
0 0.20743034963807855
-24 0.0
0 0.0
-24 0.0043214656174599695
-17 0.20310888402061855
-17 0.0043214656174599695
-12 0.20310888402061855
-12 0.0
-9 0.21175181525553852
-9 0.0
-5 0.20310888402061855
-5 0.0043214656174599695
0 0.20743034963807855
0 0.0
2 0.20310888402061855
-29 0.0
2 0.0
-29 0.0043214656174599695
-17 0.20743034963807855
-17 0.0
-13 0.20310888402061855
-13 0.0043214656174599695
-7 0.20310888402061855
-7 0.0043214656174599695
3 0.20743034963807855
3 0.0
2 0.20310888402061855
2 0.0043214656174599695
0 0.20310888402061855
-9 0.0
-24 0.0
0 0.0
-9 0.0043214656174599695
-24 0.0
-17 0.20310888402061855
-17 0.0
-12 0.20743034963807855
-12 0.0
7 0.41918216489361704
7 0.0
6 0.20310888402061855
6 0.0043214656174599695
7 0.20743034963807855
7 0.0
6 0.20310888402061855
6 0.0043214656174599695
7 0.20310888402061855
7 0.0043214656174599695
2 0.20310888402061855
2 0.0043214656174599695
5 0.20310888402061855
5 0.0
3 0.20743034963807855
3 0.0043214656174599695
0 0.20310888402061855
0 0.0
-24 0.0
-24 0.0043214656174599695
-17 0.20743034963807855
-17 0.0
-12 0.20310888402061855
-12 0.0043214656174599695
-9 0.20310888402061855
-9 0.0043214656174599695
-5 0.20310888402061855
-5 0.0
0 0.20743034963807855
0 0.0043214656174599695
-29 0.20310888402061855
2 0.0043214656174599695
-29 0.0
2 0.0
-17 0.20310888402061855
-17 0.0
-13 0.20743034963807855
-13 0.0
-5 0.20743034963807855
-5 0.0043214656174599695
-1 0.20310888402061855
-1 0.0043214656174599695
2 0.20743034963807855
2 0.0
-24 0.20310888402061855
-24 0.0
3 0.0043214656174599695
3 0.0
-17 0.20743034963807855
-17 0.0
-12 0.20310888402061855
-12 0.0043214656174599695
-5 0.20310888402061855
-5 0.0043214656174599695
7 0.20310888402061855
7 0.0
6 0.20743034963807855
6 0.0043214656174599695
7 0.20743034963807855
7 0.0
6 0.20743034963807855
6 0.0
7 0.20310888402061855
7 0.0
2 0.20743034963807855
2 0.0043214656174599695
5 0.20310888402061855
5 0.0
3 0.20743034963807855
3 0.0043214656174599695
0 0.20310888402061855
-24 0.0
0 0.0043214656174599695
-24 0.0
-17 0.20310888402061855
-17 0.0
-12 0.20743034963807855
-12 0.0
-9 0.20743034963807855
-9 0.0
-5 0.20743034963807855
-5 0.0043214656174599695
0 0.20310888402061855
0 0.0
-29 0.20743034963807855
2 0.0
2 0.0043214656174599695
-29 0.0
-17 0.20743034963807855
-17 0.0
-13 0.20310888402061855
-13 0.0043214656174599695
-7 0.20310888402061855
-7 0.0043214656174599695
3 0.20310888402061855
3 0.0
2 0.20743034963807855
2 0.0
0 0.20743034963807855
-9 0.0
0 0.0
-9 0.0043214656174599695
-24 0.0
-24 0.0
-17 0.20743034963807855
-17 0.0
-12 0.20310888402061855
-12 0.0043214656174599695
2 0.20310888402061855
2 0.0043214656174599695
3 0.20310888402061855
3 0.0
5 0.20743034963807855
5 0.0043214656174599695
7 0.20310888402061855
-21 0.0
-21 0.0043214656174599695
7 0.0
-14 0.20310888402061855
-14 0.0043214656174599695
-9 0.20743034963807855
-9 0.0
-2 0.20310888402061855
-2 0.0043214656174599695
8 0.20310888402061855
8 0.0043214656174599695
7 0.20310888402061855
7 0.0
5 0.21175181525553852
-26 0.0
5 0.0
-26 0.0
-14 0.20310888402061855
-14 0.0
-10 0.21175181525553852
-10 0.0
-4 0.20310888402061855
-4 0.0043214656174599695
7 0.20310888402061855
7 0.0043214656174599695
5 0.20310888402061855
5 0.0043214656174599695
3 0.20310888402061855
-24 0.0
3 0.0043214656174599695
-24 0.0
-17 0.20743034963807855
-17 0.0
-12 0.20310888402061855
-12 0.0
-5 0.20743034963807855
-5 0.0
5 0.20743034963807855
5 0.0043214656174599695
3 0.20310888402061855
3 0.0043214656174599695
2 0.20310888402061855
-29 0.0
2 0.0
-29 0.0
-17 0.20743034963807855
-17 0.0043214656174599695
-5 0.20743034963807855
-5 0.0
-5 0.20743034963807855
-5 0.0
7 0.20743034963807855
7 0.0
-5 0.20743034963807855
-5 0.0
7 0.20310888402061855
7 0.0043214656174599695
7 0.20743034963807855
7 0.0
19 0.20743034963807855
19 0.0
6 0.20310888402061855
6 0.0043214656174599695
7 0.20310888402061855
7 0.0043214656174599695
6 0.20310888402061855
6 0.0
7 0.20743034963807855
7 0.0043214656174599695
6 0.20310888402061855
6 0.0043214656174599695
7 0.20310888402061855
7 0.0043214656174599695
6 0.20310888402061855
6 0.0
7 0.21175181525553852
7 0.0
6 0.20743034963807855
6 0.0
7 0.20310888402061855
7 0.0043214656174599695
6 0.20310888402061855
6 0.0043214656174599695
7 0.20310888402061855
7 0.0043214656174599695
2 0.20743034963807855
2 0.0
5 0.20310888402061855
5 0.0043214656174599695
3 0.20310888402061855
3 0.0
0 0.20743034963807855
-24 0.0
-24 0.0043214656174599695
0 0.0
-17 0.20310888402061855
-17 0.0043214656174599695
-12 0.20310888402061855
-12 0.0043214656174599695
-9 0.20310888402061855
-9 0.0
-5 0.20743034963807855
-5 0.0
0 0.20743034963807855
0 0.0
-29 0.20743034963807855
-29 0.0
2 0.0043214656174599695
2 0.0
-17 0.20310888402061855
-17 0.0
-13 0.20743034963807855
-13 0.0
-5 0.21175181525553852
-5 0.0
-1 0.20310888402061855
-1 0.0
2 0.20743034963807855
2 0.0043214656174599695
-24 0.20310888402061855
3 0.0043214656174599695
3 0.0
-24 0.0
-17 0.20310888402061855
-17 0.0043214656174599695
-12 0.20310888402061855
-12 0.0043214656174599695
-5 0.20310888402061855
-5 0.0043214656174599695
7 0.20310888402061855
7 0.0
6 0.21175181525553852
6 0.0
7 0.20310888402061855
7 0.0043214656174599695
6 0.20310888402061855
6 0.0043214656174599695
7 0.20310888402061855
7 0.0043214656174599695
2 0.20310888402061855
2 0.0
5 0.20743034963807855
5 0.0043214656174599695
3 0.20743034963807855
3 0.0
-24 0.20310888402061855
0 0.0043214656174599695
-24 0.0
0 0.0
-17 0.20743034963807855
-17 0.0
-12 0.20310888402061855
-12 0.0043214656174599695
-9 0.20310888402061855
-9 0.0043214656174599695
-5 0.20310888402061855
-5 0.0043214656174599695
0 0.20310888402061855
0 0.0043214656174599695
2 0.20310888402061855
-29 0.0
2 0.0
-29 0.0043214656174599695
-17 0.20310888402061855
-17 0.0043214656174599695
-13 0.20743034963807855
-13 0.0
-7 0.20310888402061855
-7 0.0043214656174599695
3 0.20310888402061855
3 0.0
2 0.21175181525553852
2 0.0
-24 0.20310888402061855
-9 0.0
-24 0.0
0 0.0043214656174599695
-9 0.0
0 0.0
-17 0.20310888402061855
-17 0.0
-12 0.20743034963807855
-12 0.0043214656174599695
2 0.20310888402061855
2 0.0
3 0.20743034963807855
3 0.0
5 0.20743034963807855
5 0.0
7 0.20743034963807855
7 0.0
-21 0.0043214656174599695
-21 0.0
-14 0.20310888402061855
-14 0.0
-9 0.20743034963807855
-9 0.0043214656174599695
-2 0.20310888402061855
-2 0.0
8 0.20743034963807855
8 0.0043214656174599695
7 0.20743034963807855
7 0.0
5 0.20310888402061855
-26 0.0
-26 0.0043214656174599695
5 0.0
-14 0.20743034963807855
-14 0.0
-10 0.20310888402061855
-10 0.0043214656174599695
-4 0.20310888402061855
-4 0.0043214656174599695
7 0.20743034963807855
7 0.0
5 0.20743034963807855
5 0.0
3 0.20310888402061855
-24 0.0
-24 0.0043214656174599695
3 0.0
-17 0.20310888402061855
-17 0.0043214656174599695
-12 0.20310888402061855
-12 0.0043214656174599695
-5 0.20743034963807855
-5 0.0
5 0.20310888402061855
5 0.0043214656174599695
3 0.20310888402061855
3 0.0
2 0.20743034963807855
2 0.0043214656174599695
-29 0.0
-29 0.0
-17 0.20310888402061855
-17 0.0043214656174599695
-5 0.20743034963807855
-5 0.0
-5 0.20310888402061855
-5 0.0043214656174599695
7 0.20310888402061855
7 0.0043214656174599695
-5 0.20743034963807855
-5 0.0
7 0.20310888402061855
7 0.0
7 0.20743034963807855
7 0.0043214656174599695
19 0.20743034963807855
19 0.0
6 0.20310888402061855
6 0.0043214656174599695
7 0.20310888402061855
7 0.0043214656174599695
6 0.20310888402061855
6 0.0
7 0.20743034963807855
7 0.0043214656174599695
6 0.20310888402061855
6 0.0
7 0.20743034963807855
7 0.0043214656174599695
6 0.20310888402061855
6 0.0
7 0.20743034963807855
7 0.0043214656174599695
6 0.20310888402061855
6 0.0043214656174599695
7 0.20743034963807855
7 0.0
6 0.20310888402061855
6 0.0
7 0.20743034963807855
7 0.0043214656174599695
2 0.20310888402061855
2 0.0043214656174599695
5 0.20310888402061855
5 0.0
3 0.20743034963807855
3 0.0043214656174599695
0 0.20310888402061855
-24 0.0043214656174599695
0 0.0
-24 0.0
-17 0.20310888402061855
-17 0.0043214656174599695
-12 0.20310888402061855
-12 0.0043214656174599695
-9 0.20310888402061855
-9 0.0043214656174599695
-5 0.20743034963807855
-5 0.0
0 0.20310888402061855
0 0.0043214656174599695
2 0.20310888402061855
-29 0.0
2 0.0
-29 0.0
-17 0.21175181525553852
-17 0.0
-13 0.20310888402061855
-13 0.0043214656174599695
-5 0.20310888402061855
-5 0.0043214656174599695
-1 0.20310888402061855
-1 0.0043214656174599695
2 0.20310888402061855
2 0.0043214656174599695
3 0.20310888402061855
3 0.0043214656174599695
-24 0.0
-24 0.0
-17 0.20310888402061855
-17 0.0043214656174599695
-12 0.20310888402061855
-12 0.0043214656174599695
-5 0.20310888402061855
-5 0.0043214656174599695
7 0.20743034963807855
7 0.0
6 0.20743034963807855
6 0.0
7 0.20310888402061855
7 0.0
6 0.20743034963807855
6 0.0
7 0.20743034963807855
7 0.0043214656174599695
2 0.20310888402061855
2 0.0043214656174599695
5 0.20310888402061855
5 0.0043214656174599695
3 0.20310888402061855
3 0.0043214656174599695
0 0.20310888402061855
-24 0.0
0 0.0
-24 0.0
-17 0.20743034963807855
-17 0.0
-12 0.21175181525553852
-12 0.0
-9 0.20310888402061855
-9 0.0043214656174599695
-5 0.20310888402061855
-5 0.0
0 0.20743034963807855
0 0.0043214656174599695
2 0.20310888402061855
-29 0.0
-29 0.0
2 0.0043214656174599695
-17 0.20310888402061855
-17 0.0043214656174599695
-13 0.20310888402061855
-13 0.0043214656174599695
-7 0.20743034963807855
-7 0.0
3 0.20310888402061855
3 0.0043214656174599695
2 0.20310888402061855
2 0.0043214656174599695
0 0.20310888402061855
-24 0.0
-9 0.0
-24 0.0
-9 0.0043214656174599695
0 0.0
-17 0.20310888402061855
-17 0.0043214656174599695
-12 0.20310888402061855
-12 0.0
-9 0.20743034963807855
3 0.0043214656174599695
-5 0.0
-11 0.0
3 0.0
-5 0.0
-11 0.0
-9 0.0
-4 0.20310888402061855
-4 0.0
3 0.0
3 0.0043214656174599695
-12 0.0
-9 0.0
-12 0.0
-9 0.0
3 0.20310888402061855
-9 0.0
-2 0.0
-5 0.0043214656174599695
-2 0.0
-14 0.0
-11 0.0
3 0.0
-5 0.0
-11 0.0
-14 0.0
-9 0.0
3 0.20310888402061855
-16 0.0
-16 0.0
3 0.0043214656174599695
-12 0.20310888402061855
-12 0.0
-9 0.20743034963807855
-9 0.0
-12 0.21175181525553852
-12 0.0
8 0.20310888402061855
8 0.0043214656174599695
-9 0.0
-9 0.0
-12 0.20743034963807855
-12 0.0
7 0.10371517481903927
7 0.0
7 0.09939370920157929
-16 0.0
7 0.0043214656174599695
-16 0.0
-11 0.20310888402061855
-11 0.0043214656174599695
5 0.20310888402061855
5 0.0
-7 0.0
-7 0.0043214656174599695
-11 0.20743034963807855
-11 0.0
13 0.20310888402061855
13 0.0
-7 0.0
-7 0.0043214656174599695
-11 0.20310888402061855
-11 0.0043214656174599695
12 0.10371517481903927
12 0.0
-16 0.09939370920157929
-16 0.0
12 0.0043214656174599695
12 0.0
10 0.20310888402061855
-7 0.0
10 0.0043214656174599695
-7 0.0
8 0.20310888402061855
-16 0.0
8 0.0
-11 0.0043214656174599695
-14 0.0
-14 0.0
-11 0.0
-16 0.0
7 0.20310888402061855
7 0.0
-7 0.0043214656174599695
-7 0.0
5 0.20310888402061855
-11 0.0
5 0.0043214656174599695
-11 0.0
-14 0.0
-16 0.0
-14 0.0
-16 0.0
3 0.20310888402061855
-7 0.0
3 0.0
-7 0.0
1 0.20743034963807855
1 0.0
-16 0.0
-16 0.0043214656174599695
-12 0.20310888402061855
-12 0.0043214656174599695
0 0.20310888402061855
-9 0.0
0 0.0043214656174599695
-9 0.0
-12 0.20310888402061855
-12 0.0043214656174599695
1 0.09939370920157929
1 0.0043214656174599695
-9 0.09939370920157929
0 0.0043214656174599695
-9 0.0
0 0.0
-2 0.10371517481903927
-2 0.0
0 0.09939370920157929
-12 0.0
0 0.0
-12 0.0043214656174599695
1 0.10371517481903927
1 0.0
3 0.09939370920157929
-16 0.0
3 0.0043214656174599695
-16 0.0
-12 0.20310888402061855
-12 0.0043214656174599695
-9 0.20743034963807855
-9 0.0
-12 0.20743034963807855
-12 0.0
-9 0.20310888402061855
5 0.0
-9 0.0
5 0.0043214656174599695
6 0.20310888402061855
6 0.0043214656174599695
-12 0.0
-12 0.0
7 0.20743034963807855
-17 0.0
7 0.0
-17 0.0
-12 0.20310888402061855
-12 0.0
-9 0.20743034963807855
-9 0.0
7 0.20743034963807855
-12 0.0
7 0.0043214656174599695
-12 0.0
8 0.20310888402061855
8 0.0
-19 0.0043214656174599695
-7 0.0
-19 0.0
-7 0.0
0 0.20310888402061855
-16 0.0
0 0.0
-16 0.0043214656174599695
3 0.20310888402061855
-14 0.0
-14 0.0043214656174599695
3 0.0
-5 0.20310888402061855
-5 0.0043214656174599695
-14 0.20310888402061855
5 0.0043214656174599695
-14 0.0
5 0.0
3 0.10371517481903927
3 0.0
-5 0.09939370920157929
2 0.0
-5 0.0
2 0.0043214656174599695
3 0.09939370920157929
3 0.0043214656174599695
5 0.09939370920157929
-14 0.0
5 0.0043214656174599695
-14 0.0
-4 0.20743034963807855
-4 0.0
2 0.09939370920157929
2 0.0
-9 0.10371517481903927
-5 0.0
3 0.0043214656174599695
3 0.0
-9 0.0
-5 0.0
10 0.09939370920157929
10 0.0043214656174599695
-2 0.10371517481903927
-2 0.0
10 0.09939370920157929
10 0.0043214656174599695
0 0.09939370920157929
0 0.0043214656174599695
10 0.09939370920157929
10 0.0043214656174599695
2 0.09939370920157929
-2 0.0
-4 0.0043214656174599695
2 0.0
-2 0.0
-4 0.0
10 0.09939370920157929
10 0.0043214656174599695
3 0.09939370920157929
-5 0.0
-2 0.0
-5 0.0
-2 0.0043214656174599695
3 0.0
10 0.10371517481903927
10 0.0
5 0.09939370920157929
-7 0.0
-2 0.0
5 0.0
-4 0.0
-2 0.0
-7 0.0
-4 0.0043214656174599695
10 0.09939370920157929
10 0.0043214656174599695
7 0.09939370920157929
-9 0.0
7 0.0
-2 0.0
-5 0.0043214656174599695
-2 0.0
-5 0.0
-9 0.0
10 0.09939370920157929
10 0.0043214656174599695
15 0.09939370920157929
15 0.0043214656174599695
14 0.10371517481903927
14 0.0
-12 0.09939370920157929
12 0.0
-12 0.0
12 0.0043214656174599695
-16 0.0
-16 0.0
10 0.09939370920157929
10 0.0043214656174599695
8 0.09939370920157929
8 0.0043214656174599695
7 0.09939370920157929
7 0.0043214656174599695
5 0.09939370920157929
-10 0.0
5 0.0043214656174599695
-10 0.0
-14 0.0
-14 0.0
10 0.09939370920157929
10 0.0
8 0.10371517481903927
8 0.0043214656174599695
5 0.09939370920157929
5 0.0043214656174599695
-9 0.09939370920157929
3 0.0043214656174599695
-9 0.0
3 0.0
10 0.10371517481903927
10 0.0
-2 0.09939370920157929
-2 0.0043214656174599695
10 0.10371517481903927
10 0.0
0 0.09939370920157929
0 0.0
10 0.10371517481903927
10 0.0043214656174599695
-2 0.09939370920157929
2 0.0
-2 0.0
2 0.0043214656174599695
-4 0.0
-4 0.0
10 0.09939370920157929
10 0.0
3 0.10371517481903927
-5 0.0
-2 0.0
3 0.0
-2 0.0
-5 0.0043214656174599695
10 0.09939370920157929
10 0.0
5 0.10371517481903927
-4 0.0
-7 0.0
5 0.0
-2 0.0
-7 0.0
-2 0.0043214656174599695
-4 0.0
10 0.10371517481903927
10 0.0
-2 0.09939370920157929
-9 0.0
7 0.0
-5 0.0
7 0.0043214656174599695
-5 0.0
-2 0.0
-9 0.0
10 0.09939370920157929
10 0.0043214656174599695
15 0.10371517481903927
15 0.0
14 0.10371517481903927
14 0.0
12 0.09939370920157929
-16 0.0043214656174599695
-12 0.0
12 0.0
-16 0.0
-12 0.0
10 0.09939370920157929
10 0.0043214656174599695
8 0.09939370920157929
8 0.0043214656174599695
7 0.09939370920157929
7 0.0
5 0.10371517481903927
5 0.0
-10 0.0
-14 0.0
-10 0.0043214656174599695
-14 0.0
10 0.10371517481903927
10 0.0
8 0.09939370920157929
8 0.0
5 0.10803664043649924
5 0.0
7 0.09939370920157929
-10 0.0
-13 0.0043214656174599695
7 0.0
-10 0.0
-13 0.0
8 0.09939370920157929
8 0.0043214656174599695
7 0.09939370920157929
7 0.0
6 0.10371517481903927
6 0.0
7 0.10803664043649924
7 0.0
2 0.10371517481903927
2 0.0
7 0.09939370920157929
7 0.0043214656174599695
6 0.09939370920157929
6 0.0043214656174599695
7 0.10371517481903927
7 0.0
2 0.09939370920157929
2 0.0043214656174599695
7 0.10371517481903927
7 0.0
6 0.09939370920157929
6 0.0043214656174599695
7 0.09939370920157929
7 0.0
2 0.6222910489142356
2 0.0043214656174599695
7 0.20310888402061855
7 0.0043214656174599695
6 0.20310888402061855
6 0.0043214656174599695
7 0.20310888402061855
7 0.0043214656174599695
2 0.6179695832967756
2 0.0
7 0.20743034963807855
7 0.0
6 0.20743034963807855
6 0.0043214656174599695
7 0.20310888402061855
7 0.0043214656174599695
6 0.20743034963807855
6 0.0
7 0.20310888402061855
7 0.0
6 0.21175181525553852
6 0.0
7 0.20310888402061855
7 0.0043214656174599695
6 0.20310888402061855
6 0.0
7 0.21175181525553852
7 0.0
6 0.20310888402061855
6 0.0043214656174599695
7 0.20310888402061855
7 0.0
2 0.20743034963807855
2 0.0
5 0.20743034963807855
5 0.0043214656174599695
3 0.20310888402061855
3 0.0043214656174599695
0 0.20310888402061855
-24 0.0
-24 0.0
0 0.0043214656174599695
-17 0.20310888402061855
-17 0.0043214656174599695
-12 0.20310888402061855
-12 0.0043214656174599695
-9 0.20310888402061855
-9 0.0043214656174599695
-5 0.20743034963807855
-5 0.0
0 0.20310888402061855
0 0.0043214656174599695
2 0.20743034963807855
-29 0.0
2 0.0
-29 0.0
-17 0.20310888402061855
-17 0.0043214656174599695
-13 0.20310888402061855
-13 0.0043214656174599695
-5 0.20310888402061855
-5 0.0
-1 0.20743034963807855
-1 0.0043214656174599695
2 0.20310888402061855
2 0.0043214656174599695
3 0.20310888402061855
-24 0.0
3 0.0
-24 0.0
-17 0.21175181525553852
-17 0.0
-12 0.20310888402061855
-12 0.0
-5 0.20743034963807855
-5 0.0043214656174599695
7 0.20743034963807855
7 0.0
6 0.20310888402061855
6 0.0043214656174599695
7 0.20310888402061855
7 0.0
6 0.21175181525553852
6 0.0
7 0.20310888402061855
7 0.0
2 0.21175181525553852
2 0.0
5 0.20310888402061855
5 0.0043214656174599695
3 0.20743034963807855
3 0.0
-24 0.20310888402061855
0 0.0
0 0.0043214656174599695
-24 0.0
-17 0.20310888402061855
-17 0.0043214656174599695
-12 0.20743034963807855
-12 0.0
-9 0.20310888402061855
-9 0.0043214656174599695
-5 0.20310888402061855
-5 0.0043214656174599695
0 0.20310888402061855
0 0.0043214656174599695
2 0.20310888402061855
2 0.0
-29 0.0
-29 0.0043214656174599695
-17 0.20310888402061855
-17 0.0
-13 0.20743034963807855
-13 0.0
-7 0.20743034963807855
-7 0.0043214656174599695
3 0.20743034963807855
3 0.0
2 0.20310888402061855
2 0.0043214656174599695
-24 0.20310888402061855
0 0.0043214656174599695
-9 0.0
-24 0.0
0 0.0
-9 0.0
-17 0.20310888402061855
-17 0.0
-12 0.20743034963807855
-12 0.0043214656174599695
2 0.20310888402061855
2 0.0
3 0.21175181525553852
3 0.0
5 0.20310888402061855
5 0.0043214656174599695
7 0.20310888402061855
-21 0.0
7 0.0043214656174599695
-21 0.0
-14 0.20310888402061855
-14 0.0043214656174599695
-9 0.20310888402061855
-9 0.0043214656174599695
-2 0.20743034963807855
-2 0.0
8 0.20743034963807855
8 0.0
7 0.20310888402061855
7 0.0
-26 0.20743034963807855
-26 0.0
5 0.0043214656174599695
5 0.0
-14 0.20743034963807855
-14 0.0
-10 0.20310888402061855
-10 0.0
-4 0.20743034963807855
-4 0.0
7 0.20743034963807855
7 0.0
5 0.21175181525553852
5 0.0
-24 0.20310888402061855
3 0.0
3 0.0043214656174599695
-24 0.0
-17 0.20310888402061855
-17 0.0043214656174599695
-12 0.20310888402061855
-12 0.0043214656174599695
-5 0.20310888402061855
-5 0.0
5 0.20743034963807855
5 0.0043214656174599695
3 0.20310888402061855
3 0.0043214656174599695
2 0.20310888402061855
-29 0.0
2 0.0
-29 0.0043214656174599695
-17 0.20743034963807855
-17 0.0
-5 0.20310888402061855
-5 0.0043214656174599695
-5 0.20310888402061855
-5 0.0043214656174599695
7 0.20310888402061855
7 0.0
-5 0.20743034963807855
-5 0.0
7 0.20743034963807855
7 0.0
7 0.21175181525553852
7 0.0
19 0.20310888402061855
19 0.0043214656174599695
6 0.20310888402061855
6 0.0043214656174599695
7 0.20310888402061855
7 0.0043214656174599695
6 0.20310888402061855
6 0.0043214656174599695
7 0.20743034963807855
7 0.0
6 0.20310888402061855
6 0.0043214656174599695
7 0.20310888402061855
7 0.0043214656174599695
6 0.20310888402061855
6 0.0043214656174599695
7 0.20310888402061855
7 0.0043214656174599695
6 0.20310888402061855
6 0.0043214656174599695
7 0.20310888402061855
7 0.0
6 0.20743034963807855
6 0.0
7 0.20743034963807855
7 0.0043214656174599695
2 0.20310888402061855
2 0.0
5 0.20743034963807855
5 0.0
3 0.20743034963807855
3 0.0043214656174599695
0 0.20310888402061855
0 0.0043214656174599695
-24 0.0
-24 0.0
-17 0.20310888402061855
-17 0.0043214656174599695
-12 0.20743034963807855
-12 0.0
-9 0.20310888402061855
-9 0.0
-5 0.20743034963807855
-5 0.0043214656174599695
0 0.20310888402061855
0 0.0043214656174599695
-29 0.20310888402061855
-29 0.0
2 0.0043214656174599695
2 0.0
-17 0.20310888402061855
-17 0.0043214656174599695
-13 0.20743034963807855
-13 0.0
-5 0.20310888402061855
-5 0.0
-1 0.21175181525553852
-1 0.0
2 0.20310888402061855
2 0.0043214656174599695
3 0.20743034963807855
-24 0.0
3 0.0
-24 0.0
-17 0.20743034963807855
-17 0.0
-12 0.20743034963807855
-12 0.0
-5 0.20310888402061855
-5 0.0043214656174599695
7 0.20743034963807855
7 0.0
6 0.20310888402061855
6 0.0043214656174599695
7 0.20310888402061855
7 0.0043214656174599695
6 0.20743034963807855
6 0.0
7 0.20310888402061855
7 0.0
2 0.21175181525553852
2 0.0
5 0.20743034963807855
5 0.0
3 0.20743034963807855
3 0.0
-24 0.20310888402061855
0 0.0
0 0.0043214656174599695
-24 0.0
-17 0.20310888402061855
-17 0.0043214656174599695
-12 0.20310888402061855
-12 0.0043214656174599695
-9 0.20310888402061855
-9 0.0
-5 0.20743034963807855
-5 0.0043214656174599695
0 0.20743034963807855
0 0.0
2 0.20310888402061855
-29 0.0
2 0.0
-29 0.0043214656174599695
-17 0.20310888402061855
-17 0.0043214656174599695
-13 0.20310888402061855
-13 0.0043214656174599695
-7 0.20743034963807855
-7 0.0
3 0.20310888402061855
3 0.0043214656174599695
2 0.20310888402061855
2 0.0
0 0.20743034963807855
-24 0.0
0 0.0
-24 0.0
-9 0.0043214656174599695
-9 0.0
-24 0.20743034963807855
-24 0.0
-24 0.20310888402061855
-24 0.0043214656174599695
-24 0.20310888402061855
-24 0.0043214656174599695
-24 0.20743034963807855
-24 0.0
-24 0.20743034963807855
-24 0.0
1 0.20310888402061855
-5 0.0
1 0.0
-24 0.0
4 0.0043214656174599695
-2 0.0
-24 0.0
-5 0.0
-2 0.0
4 0.0
-24 0.20310888402061855
-24 0.0043214656174599695
-24 0.20310888402061855
-24 0.0043214656174599695
-24 0.20743034963807855
-24 0.0
-24 0.20310888402061855
-24 0.0
-24 0.20743034963807855
-24 0.0
5 0.20743034963807855
-24 0.0
-4 0.0
-4 0.0043214656174599695
0 0.0
5 0.0
0 0.0
-24 0.0
-24 0.20310888402061855
-24 0.0043214656174599695
-24 0.20743034963807855
-24 0.0
-24 0.20310888402061855
-24 0.0043214656174599695
4 0.20310888402061855
-24 0.0
4 0.0
7 0.0
7 0.0043214656174599695
-24 0.0
8 0.20310888402061855
-24 0.0
5 0.0
8 0.0
5 0.0043214656174599695
-24 0.0
-1 0.20310888402061855
-24 0.0
5 0.0
5 0.0043214656174599695
8 0.0
8 0.0
-1 0.0
-24 0.0
-24 0.20310888402061855
-24 0.0043214656174599695
-24 0.20743034963807855
-24 0.0
-24 0.20310888402061855
-24 0.0
-1 0.20743034963807855
5 0.0043214656174599695
8 0.0
-24 0.0
-1 0.0
5 0.0
8 0.0
-24 0.0
-24 0.20310888402061855
-24 0.0043214656174599695
3 0.20310888402061855
3 0.0
7 0.0043214656174599695
0 0.0
-24 0.0
0 0.0
7 0.0
-24 0.0
-24 0.20310888402061855
-24 0.0
-24 0.20743034963807855
-24 0.0043214656174599695
-24 0.20310888402061855
-24 0.0043214656174599695
-24 0.20743034963807855
-24 0.0
-24 0.20310888402061855
-24 0.0
5 0.20743034963807855
5 0.0
-4 0.0
-24 0.0
-4 0.0043214656174599695
-24 0.0
-31 0.0
-31 0.0
-31 0.20310888402061855
-24 0.0043214656174599695
-31 0.0
-24 0.0
-31 0.20310888402061855
-31 0.0
-24 0.0
-24 0.0043214656174599695
-24 0.20310888402061855
-31 0.0
-24 0.0043214656174599695
-31 0.0
-24 0.20310888402061855
-24 0.0
-31 0.0
3 0.0043214656174599695
-5 0.0
-31 0.0
3 0.0
-5 0.0
-24 0.20310888402061855
2 0.0
-7 0.0
-31 0.0
2 0.0043214656174599695
-7 0.0
-31 0.0
-24 0.0
-9 0.20310888402061855
0 0.0
-3 0.0
-9 0.0
-30 0.0
-30 0.0043214656174599695
-24 0.0
0 0.0
-3 0.0
-24 0.0
-24 0.20310888402061855
-24 0.0
-30 0.0
-30 0.0043214656174599695
-30 0.20310888402061855
-24 0.0043214656174599695
-30 0.0
-24 0.0
-30 0.20310888402061855
-24 0.0
-24 0.0
-30 0.0043214656174599695
0 0.20310888402061855
-24 0.0
0 0.0
-9 0.0043214656174599695
-30 0.0
-9 0.0
-24 0.0
-30 0.0
-30 0.20310888402061855
-24 0.0
-30 0.0043214656174599695
-24 0.0
-9 0.20310888402061855
-24 0.0
-29 0.0
-9 0.0
-24 0.0
-29 0.0
0 0.0043214656174599695
0 0.0
-24 0.20310888402061855
-24 0.0043214656174599695
-29 0.0
-29 0.0
3 0.20310888402061855
-29 0.0
-5 0.0
-5 0.0043214656174599695
-24 0.0
3 0.0
-29 0.0
-24 0.0
-29 0.20310888402061855
-24 0.0
-24 0.0043214656174599695
-29 0.0
-7 0.20310888402061855
-25 0.0
-29 0.0
-7 0.0
-29 0.0
2 0.0043214656174599695
2 0.0
-25 0.0
-25 0.20310888402061855
-29 0.0
-25 0.0043214656174599695
-29 0.0
-9 0.20310888402061855
0 0.0
-36 0.0
-24 0.0
-9 0.0
0 0.0043214656174599695
-36 0.0
-24 0.0
-24 0.20310888402061855
-24 0.0
-24 0.20743034963807855
-24 0.0043214656174599695
-24 0.20310888402061855
-24 0.0043214656174599695
-24 0.20310888402061855
-24 0.0043214656174599695
-24 0.20310888402061855
-24 0.0043214656174599695
-5 0.20310888402061855
-2 0.0
4 0.0
1 0.0
1 0.0043214656174599695
-24 0.0
-5 0.0
-2 0.0
4 0.0
-24 0.0
-24 0.20743034963807855
-24 0.0
-24 0.20743034963807855
-24 0.0
-24 0.20310888402061855
-24 0.0043214656174599695
-24 0.20310888402061855
-24 0.0
-24 0.20743034963807855
-24 0.0043214656174599695
0 0.20310888402061855
-24 0.0
5 0.0
-4 0.0
5 0.0043214656174599695
-4 0.0
0 0.0
-24 0.0
-24 0.20310888402061855
-24 0.0043214656174599695
-24 0.20743034963807855
-24 0.0
-24 0.20310888402061855
-24 0.0043214656174599695
7 0.20310888402061855
4 0.0
4 0.0043214656174599695
-24 0.0
7 0.0
-24 0.0
8 0.20310888402061855
5 0.0043214656174599695
-24 0.0
5 0.0
8 0.0
-24 0.0
8 0.20310888402061855
-24 0.0
5 0.0043214656174599695
-24 0.0
5 0.0
8 0.0
-24 0.20310888402061855
-24 0.0043214656174599695
-24 0.20310888402061855
-24 0.0
-24 0.20743034963807855
-24 0.0
-24 0.20743034963807855
8 0.0043214656174599695
5 0.0
-24 0.0
8 0.0
5 0.0
-24 0.20310888402061855
-24 0.0
8 0.20743034963807855
-23 0.0
5 0.0043214656174599695
8 0.0
5 0.0
-23 0.0
-23 0.20310888402061855
-23 0.0043214656174599695
-23 0.20310888402061855
-23 0.0043214656174599695
-23 0.20310888402061855
-23 0.0043214656174599695
-23 0.20743034963807855
-23 0.0
-23 0.20743034963807855
-23 0.0
-2 0.20310888402061855
-2 0.0
6 0.0043214656174599695
-23 0.0
6 0.0
-23 0.0
-23 0.20310888402061855
-23 0.0043214656174599695
-23 0.20310888402061855
-23 0.0043214656174599695
-23 0.20310888402061855
-23 0.0
-4 0.20743034963807855
-23 0.0
-4 0.0
5 0.0043214656174599695
5 0.0
-23 0.0
3 0.20310888402061855
-6 0.0
-23 0.0
3 0.0
-6 0.0043214656174599695
-23 0.0
1 0.20310888402061855
-23 0.0
-4 0.0043214656174599695
-7 0.0
-23 0.0
-4 0.0
-7 0.0
1 0.0
-23 0.20310888402061855
-23 0.0
-23 0.20743034963807855
-23 0.0043214656174599695
-23 0.20310888402061855
-23 0.0
0 0.20743034963807855
-4 0.0
0 0.0
-4 0.0
-23 0.0
-7 0.0043214656174599695
-23 0.0
-7 0.0
-23 0.20743034963807855
-23 0.0
-22 0.20310888402061855
-1 0.0
-4 0.0
-1 0.0043214656174599695
-4 0.0
-7 0.0
-7 0.0
-22 0.0
-22 0.20310888402061855
-22 0.0043214656174599695
-22 0.20743034963807855
-22 0.0
-22 0.20310888402061855
-22 0.0043214656174599695
-7 0.20310888402061855
-4 0.0
-7 0.0
-1 0.0043214656174599695
-22 0.0
-1 0.0
-4 0.0
-22 0.0
-22 0.20310888402061855
-22 0.0043214656174599695
0 0.20310888402061855
-9 0.0
-21 0.0
0 0.0
-5 0.0
-5 0.0043214656174599695
-9 0.0
-21 0.0
-5 1.2402606322110112
2 0.0
-17 0.0
-13 0.0
-5 0.0
-17 0.0
2 0.0043214656174599695
-13 0.0
-12 1.2402606322110112
-12 0.0
-36 0.0
-36 0.0043214656174599695
-9 0.13396543414125905
-9 0.0043214656174599695
-5 0.13396543414125905
-5 0.0043214656174599695
0 0.13396543414125905
0 0.0043214656174599695
3 0.13396543414125905
3 0.0043214656174599695
7 0.13396543414125905
7 0.0
5 0.13828689975871902
-12 0.0
5 0.0043214656174599695
-5 0.0
-9 0.0
-12 0.0
-5 0.0
-9 0.0
3 0.13396543414125905
3 0.0
2 0.13828689975871902
2 0.0043214656174599695
-5 0.13396543414125905
-9 0.0
0 0.0043214656174599695
-5 0.0
-12 0.0
-9 0.0
0 0.0
-12 0.0
3 0.13828689975871902
3 0.0
7 0.13828689975871902
7 0.0
12 0.13396543414125905
12 0.0043214656174599695
15 0.13396543414125905
15 0.0
19 0.13828689975871902
19 0.0
17 0.13828689975871902
-12 0.0
-9 0.0
-12 0.0
-9 0.0
-5 0.0043214656174599695
17 0.0
-5 0.0
15 0.13396543414125905
15 0.0043214656174599695
14 0.13396543414125905
14 0.0
-5 0.13828689975871902
-12 0.0
-9 0.0
-5 0.0
-12 0.0
12 0.0043214656174599695
12 0.0
-9 0.0
15 0.13396543414125905
15 0.0043214656174599695
19 0.13828689975871902
19 0.0
24 0.13396543414125905
24 0.0043214656174599695
27 0.13828689975871902
27 0.0
31 0.13396543414125905
31 0.0043214656174599695
-5 0.13396543414125905
-9 0.0
29 0.0
-5 0.0
29 0.0043214656174599695
-12 0.0
-12 0.0
-9 0.0
27 0.13828689975871902
27 0.0
26 0.13828689975871902
26 0.0
-9 0.13396543414125905
-5 0.0
-12 0.0
-5 0.0
-9 0.0
25 0.0043214656174599695
-12 0.0
25 0.0
24 0.13396543414125905
24 0.0043214656174599695
23 0.13828689975871902
23 0.0
22 0.13396543414125905
22 0.0043214656174599695
21 0.13828689975871902
21 0.0
20 0.13828689975871902
20 0.0
19 0.13396543414125905
19 0.0043214656174599695
18 0.13396543414125905
18 0.0043214656174599695
17 0.13396543414125905
17 0.0
16 0.13828689975871902
16 0.0
15 0.13828689975871902
15 0.0043214656174599695
14 0.13828689975871902
14 0.0
13 0.13396543414125905
13 0.0
12 0.13828689975871902
12 0.0043214656174599695
11 0.13396543414125905
11 0.0
10 0.13828689975871902
10 0.0043214656174599695
9 0.13828689975871902
9 0.0
8 0.13396543414125905
8 0.0043214656174599695
7 0.13396543414125905
7 0.0
6 0.20743034963807855
6 0.0043214656174599695
7 0.20743034963807855
7 0.0
2 0.20310888402061855
2 0.0043214656174599695
5 0.20743034963807855
5 0.0
3 0.20310888402061855
3 0.0
-24 0.20743034963807855
-24 0.0
0 0.0043214656174599695
0 0.0
-17 0.20743034963807855
-17 0.0
-12 0.20310888402061855
-12 0.0043214656174599695
-9 0.20743034963807855
-9 0.0
-5 0.20743034963807855
-5 0.0
0 0.20310888402061855
0 0.0043214656174599695
2 0.20310888402061855
-29 0.0
2 0.0
-29 0.0043214656174599695
-17 0.20310888402061855
-17 0.0043214656174599695
-13 0.20310888402061855
-13 0.0043214656174599695
-5 0.20743034963807855
-5 0.0
-1 0.20743034963807855
-1 0.0
2 0.20310888402061855
2 0.0043214656174599695
-24 0.20310888402061855
3 0.0043214656174599695
3 0.0
-24 0.0
-17 0.20310888402061855
-17 0.0
-12 0.20743034963807855
-12 0.0
-5 0.20743034963807855
-5 0.0043214656174599695
7 0.20310888402061855
7 0.0
6 0.21175181525553852
6 0.0
7 0.20310888402061855
7 0.0043214656174599695
6 0.20310888402061855
6 0.0
7 0.20743034963807855
7 0.0043214656174599695
2 0.20310888402061855
2 0.0043214656174599695
5 0.20310888402061855
5 0.0043214656174599695
3 0.20310888402061855
3 0.0043214656174599695
0 0.20310888402061855
-24 0.0
-24 0.0
0 0.0043214656174599695
-17 0.20743034963807855
-17 0.0
-12 0.20743034963807855
-12 0.0
-9 0.20310888402061855
-9 0.0
-5 0.20743034963807855
-5 0.0043214656174599695
0 0.20310888402061855
0 0.0043214656174599695
-29 0.20310888402061855
2 0.0043214656174599695
2 0.0
-29 0.0
-17 0.20743034963807855
-17 0.0
-13 0.20310888402061855
-13 0.0043214656174599695
-7 0.20310888402061855
-7 0.0043214656174599695
3 0.20743034963807855
3 0.0
2 0.20743034963807855
2 0.0
-9 0.20310888402061855
-24 0.0
0 0.0043214656174599695
-24 0.0
0 0.0
-9 0.0
-17 0.20743034963807855
-17 0.0
-12 0.20743034963807855
-12 0.0
2 0.20310888402061855
2 0.0
3 0.20743034963807855
3 0.0043214656174599695
5 0.20310888402061855
5 0.0
7 0.20743034963807855
7 0.0
-21 0.0043214656174599695
-21 0.0
-14 0.20743034963807855
-14 0.0
-9 0.20743034963807855
-9 0.0
-2 0.20743034963807855
-2 0.0
8 0.20743034963807855
8 0.0
7 0.20310888402061855
7 0.0043214656174599695
5 0.20310888402061855
5 0.0
-26 0.0
-26 0.0043214656174599695
-14 0.20310888402061855
-14 0.0043214656174599695
-10 0.20310888402061855
-10 0.0043214656174599695
-4 0.20743034963807855
-4 0.0
7 0.20310888402061855
7 0.0043214656174599695
5 0.20310888402061855
5 0.0043214656174599695
-24 0.20310888402061855
3 0.0043214656174599695
3 0.0
-24 0.0
-17 0.20310888402061855
-17 0.0043214656174599695
-12 0.20310888402061855
-12 0.0043214656174599695
-5 0.20743034963807855
-5 0.0
5 0.20310888402061855
5 0.0
3 0.20743034963807855
3 0.0
2 0.20743034963807855
-29 0.0
2 0.0043214656174599695
-29 0.0
-17 0.20310888402061855
-17 0.0043214656174599695
-5 0.20310888402061855
-5 0.0
-5 0.20743034963807855
-5 0.0043214656174599695
7 0.20310888402061855
7 0.0043214656174599695
-5 0.20310888402061855
-5 0.0
7 0.21175181525553852
7 0.0
7 0.20743034963807855
7 0.0
19 0.20743034963807855
19 0.0
6 0.20310888402061855
6 0.0
7 0.20743034963807855
7 0.0043214656174599695
6 0.20310888402061855
6 0.0
7 0.20743034963807855
7 0.0043214656174599695
6 0.20743034963807855
6 0.0
7 0.20310888402061855
7 0.0043214656174599695
6 0.20310888402061855
6 0.0043214656174599695
7 0.20743034963807855
7 0.0
6 0.20310888402061855
6 0.0043214656174599695
7 0.20310888402061855
7 0.0
6 0.20743034963807855
6 0.0043214656174599695
7 0.20310888402061855
7 0.0043214656174599695
2 0.20310888402061855
2 0.0
5 0.20743034963807855
5 0.0043214656174599695
3 0.20310888402061855
3 0.0043214656174599695
0 0.20310888402061855
-24 0.0
0 0.0043214656174599695
-24 0.0
-17 0.20310888402061855
-17 0.0043214656174599695
-12 0.20743034963807855
-12 0.0
-9 0.20310888402061855
-9 0.0043214656174599695
-5 0.20310888402061855
-5 0.0
0 0.20743034963807855
0 0.0
2 0.20743034963807855
2 0.0
-29 0.0043214656174599695
-29 0.0
-17 0.20310888402061855
-17 0.0
-13 0.21175181525553852
-13 0.0
-5 0.20743034963807855
-5 0.0
-1 0.20310888402061855
-1 0.0043214656174599695
2 0.20310888402061855
2 0.0043214656174599695
3 0.20310888402061855
-24 0.0
-24 0.0
3 0.0043214656174599695
-17 0.20310888402061855
-17 0.0
-12 0.20743034963807855
-12 0.0043214656174599695
-5 0.20743034963807855
-5 0.0
7 0.20310888402061855
7 0.0043214656174599695
6 0.20310888402061855
6 0.0
7 0.20743034963807855
7 0.0
6 0.20743034963807855
6 0.0043214656174599695
7 0.20310888402061855
7 0.0043214656174599695
2 0.20310888402061855
2 0.0043214656174599695
5 0.20310888402061855
5 0.0043214656174599695
3 0.20310888402061855
3 0.0
-24 0.20743034963807855
0 0.0
-24 0.0
0 0.0043214656174599695
-17 0.20310888402061855
-17 0.0043214656174599695
-12 0.20743034963807855
-12 0.0
-9 0.20310888402061855
-9 0.0043214656174599695
-5 0.20310888402061855
-5 0.0043214656174599695
0 0.20310888402061855
0 0.0043214656174599695
-29 0.20310888402061855
2 0.0
2 0.0043214656174599695
-29 0.0
-17 0.20310888402061855
-17 0.0043214656174599695
-13 0.20310888402061855
-13 0.0
-7 0.21175181525553852
-7 0.0
3 0.20310888402061855
3 0.0043214656174599695
2 0.20310888402061855
2 0.0043214656174599695
-9 0.20310888402061855
-24 0.0
-36 0.0
0 0.0043214656174599695
-36 0.0
0 0.0
-9 0.0
-24 0.0
