-9 0.0
-9 0.33333199381057094
-4 0.16666599690528547
-16 0.0
-12 0.0
-4 0.33333199381057094
-4 0.16666599690528547
-4 0.33333199381057094
-4 0.16666599690528547
-16 0.0
-12 0.0
-4 0.33333199381057094
-5 0.16666599690528547
-4 0.33333199381057094
-2 0.16666599690528547
-21 0.0
-14 0.0
-9 1.4999939721475692
-9 0.33333199381057094
-2 0.16666599690528547
-21 0.0
-14 0.0
-2 0.33333199381057094
-2 0.16666599690528547
-2 0.33333199381057094
-2 0.16666599690528547
-21 0.0
-14 0.0
-2 0.33333199381057094
-4 0.16666599690528547
-2 0.33333199381057094
0 0.16666599690528547
-16 0.0
-12 0.0
0 1.4999939721475692
0 0.33333199381057094
1 0.16666599690528547
-19 0.0
-16 0.0
1 0.33333199381057094
1 0.16666599690528547
1 0.33333199381057094
-7 0.16666599690528547
-23 0.0
-16 0.0
-7 0.33333199381057094
1 0.16666599690528547
1 0.33333199381057094
0 0.16666599690528547
-16 0.0
-12 0.0
0 0.33333199381057094
0 0.16666599690528547
0 0.33333199381057094
-9 0.16666599690528547
-21 0.0
-12 0.0
-9 0.33333199381057094
0 0.16666599690528547
0 0.33333199381057094
-2 0.16666599690528547
-21 0.0
-14 0.0
-2 0.33333199381057094
-2 0.16666599690528547
-2 0.33333199381057094
-4 0.16666599690528547
-19 0.0
-11 0.0
-5 0.33333199381057094
-7 0.16666599690528547
-5 0.33333199381057094
-4 0.16666599690528547
-16 0.0
-12 0.0
-9 1.4999939721475692
-9 0.33333199381057094
-4 0.16666599690528547
-16 0.0
-12 0.0
-4 0.33333199381057094
-4 0.16666599690528547
-4 0.33333199381057094
-4 0.16666599690528547
-16 0.0
-12 0.0
-4 0.33333199381057094
-5 0.16666599690528547
-4 0.33333199381057094
-2 0.16666599690528547
-21 0.0
-14 0.0
-9 1.4999939721475692
-9 0.33333199381057094
-2 0.16666599690528547
-21 0.0
-14 0.0
-2 0.33333199381057094
-2 0.16666599690528547
-2 0.33333199381057094
-2 0.16666599690528547
-21 0.0
-14 0.0
-2 0.33333199381057094
-4 0.16666599690528547
-2 0.33333199381057094
0 0.16666599690528547
-16 0.0
-12 0.0
0 1.4999939721475692
0 0.33333199381057094
1 0.16666599690528547
-19 0.0
-16 0.0
1 0.33333199381057094
1 0.16666599690528547
1 0.33333199381057094
-7 0.16666599690528547
-23 0.0
-16 0.0
-7 0.33333199381057094
1 0.16666599690528547
1 0.33333199381057094
0 0.16666599690528547
-16 0.0
-12 0.0
0 0.33333199381057094
0 0.16666599690528547
0 0.33333199381057094
-9 0.16666599690528547
-21 0.0
-12 0.0
-9 0.33333199381057094
0 0.16666599690528547
0 0.33333199381057094
-2 0.16666599690528547
-21 0.0
-14 0.0
-2 0.33333199381057094
-2 0.16666599690528547
-2 0.33333199381057094
-4 0.16666599690528547
-19 0.0
-11 0.0
-5 0.33333199381057094
-7 0.16666599690528547
-5 0.33333199381057094
-4 0.16666599690528547
-16 0.0
-12 0.0
