-20 0.0
-32 0.0
-13 0.0
-8 0.41924013164648694
-5 0.41924013164648694
-13 0.41924013164648694
-8 0.41924013164648694
-5 0.41924013164648694
-13 0.41924013164648694
-8 0.41924013164648694
-5 0.41924013164648694
-13 0.41924013164648694
-8 0.41924013164648694
-5 0.41924013164648694
-22 0.41924013164648694
-34 0.0
-13 0.0
-8 0.41924013164648694
-5 0.3982781250641626
-13 0.44020213822881127
-8 0.41924013164648694
-5 0.41924013164648694
-13 0.41924013164648694
-8 0.41924013164648694
-5 0.41924013164648694
-13 0.41924013164648694
-8 0.41924013164648694
-5 0.41924013164648694
-12 0.41924013164648694
-24 0.0
-36 0.0
-8 0.41924013164648694
-5 0.41924013164648694
-12 0.41924013164648694
-8 0.41924013164648694
-5 0.41924013164648694
-12 0.41924013164648694
-27 0.0
-39 0.0
-7 0.41924013164648694
-3 0.41924013164648694
-12 0.41924013164648694
-7 0.41924013164648694
-3 0.41924013164648694
-25 0.41924013164648694
-13 0.0
-37 0.0
-9 0.41924013164648694
-3 0.41924013164648694
-13 0.41924013164648694
-8 0.41924013164648694
-5 0.41924013164648694
-37 0.41924013164648694
-25 0.0
-13 0.0
-8 0.41924013164648694
-6 0.41924013164648694
-15 0.41924013164648694
-9 0.41924013164648694
-6 0.41924013164648694
-17 0.41924013164648694
-25 0.0
-32 0.0
-20 0.0
-13 0.41924013164648694
-8 0.41924013164648694
-13 0.41924013164648694
-8 0.41924013164648694
-5 0.41924013164648694
-13 0.41924013164648694
-8 0.41924013164648694
-5 0.41924013164648694
-1 0.41924013164648694
-13 0.0
-8 0.41924013164648694
-5 0.41924013164648694
-1 0.10481003291162173
-1 0.3144300987348652
-21 0.0
-25 0.0
-13 0.0
-33 0.0
-6 0.41924013164648694
-3 0.41924013164648694
-13 0.41924013164648694
-6 0.41924013164648694
-3 0.41924013164648694
-13 0.41924013164648694
-6 0.41924013164648694
-3 0.41924013164648694
-1 0.41924013164648694
-13 0.0
-6 0.41924013164648694
-3 0.41924013164648694
-1 0.10481003291162173
-1 0.3144300987348652
-13 0.0
-20 0.0
-32 0.0
-8 0.41924013164648694
-5 0.41924013164648694
-13 0.41924013164648694
-8 0.41924013164648694
-5 0.41924013164648694
0 0.41924013164648694
-12 0.0
-27 0.0
-39 0.0
-8 0.41924013164648694
-3 0.41924013164648694
-12 0.41924013164648694
-8 0.41924013164648694
-3 0.41924013164648694
-1 0.41924013164648694
-22 0.0
-34 0.0
-13 0.0
-10 0.41924013164648694
-5 0.41924013164648694
-13 0.41924013164648694
-10 0.41924013164648694
-5 0.41924013164648694
-3 0.3982781250641626
-12 0.020962006582324347
-34 0.0
-22 0.0
-10 0.41924013164648694
-6 0.41924013164648694
-12 0.3144300987348652
2 0.10481003291162173
-10 0.41924013164648694
-6 0.41924013164648694
-5 0.41924013164648694
-29 0.0
-17 0.0
-13 0.0
-10 0.41924013164648694
-5 0.41924013164648694
-13 0.41924013164648694
-10 0.41924013164648694
-5 0.41924013164648694
-13 0.41924013164648694
-10 0.41924013164648694
-5 0.41924013164648694
-13 0.41924013164648694
-10 0.41924013164648694
-5 0.41924013164648694
-29 0.41924013164648694
-17 0.0
-14 0.0
-10 0.41924013164648694
-5 0.41924013164648694
-14 0.41924013164648694
-10 0.41924013164648694
-5 0.41924013164648694
-14 0.41924013164648694
-10 0.41924013164648694
-5 0.41924013164648694
-2 0.41924013164648694
-14 0.0
-10 0.41924013164648694
-5 0.41924013164648694
-2 0.10481003291162173
-2 0.3144300987348652
-19 0.0
-14 0.0
-31 0.0
-10 0.41924013164648694
-4 0.41924013164648694
-14 0.41924013164648694
-10 0.41924013164648694
-4 0.41924013164648694
-14 0.41924013164648694
-10 0.41924013164648694
-4 0.41924013164648694
-2 0.41924013164648694
-14 0.0
-10 0.41924013164648694
-4 0.41924013164648694
-2 0.10481003291162173
-2 0.3144300987348652
-33 0.0
-21 0.0
-14 0.0
-9 0.41924013164648694
-5 0.41924013164648694
-22 0.41924013164648694
-14 0.0
-34 0.0
-10 0.41924013164648694
-5 0.41924013164648694
-14 0.41924013164648694
-23 0.0
-35 0.0
-8 0.41924013164648694
-5 0.41924013164648694
-3 0.41924013164648694
-15 0.0
-8 0.41924013164648694
-5 0.41924013164648694
-3 0.41924013164648694
-34 0.0
-15 0.0
-22 0.0
-10 0.41924013164648694
-7 0.41924013164648694
-15 0.41924013164648694
-10 0.41924013164648694
-7 0.41924013164648694
-2 0.41924013164648694
-14 0.0
-29 0.0
-10 0.41924013164648694
-8 0.41924013164648694
-5 0.41924013164648694
-26 0.0
-17 0.0
-10 0.41924013164648694
-8 0.41924013164648694
-3 0.41924013164648694
-15 0.0
-27 0.0
-10 0.41924013164648694
-7 0.41924013164648694
-15 0.41924013164648694
-10 0.41924013164648694
-7 0.41924013164648694
-3 0.41924013164648694
-27 0.0
-15 0.0
-39 0.0
-11 0.41924013164648694
-8 0.41924013164648694
-15 0.41924013164648694
-11 0.41924013164648694
-8 0.41924013164648694
-10 0.41924013164648694
-22 0.0
-34 0.0
-7 0.41924013164648694
-3 0.41924013164648694
-10 0.41924013164648694
-7 0.41924013164648694
-3 0.41924013164648694
-10 0.41924013164648694
-6 0.41924013164648694
-3 0.41924013164648694
2 0.41924013164648694
-10 0.0
-6 0.41924013164648694
-3 0.41924013164648694
-10 0.3144300987348652
3 0.10481003291162173
-5 0.41924013164648694
-2 0.41924013164648694
-10 0.41924013164648694
-29 0.0
-17 0.0
-5 0.3982781250641626
-2 0.44020213822881127
-10 0.41924013164648694
-14 0.0
-26 0.0
-5 0.41924013164648694
-2 0.41924013164648694
1 0.41924013164648694
-10 0.0
-17 0.0
-29 0.0
-5 0.41924013164648694
-2 0.41924013164648694
2 0.41924013164648694
-10 0.0
-22 0.0
-34 0.0
-6 0.41924013164648694
-3 0.41924013164648694
-10 0.41924013164648694
-6 0.41924013164648694
-3 0.41924013164648694
-10 0.41924013164648694
-6 0.41924013164648694
-3 0.41924013164648694
-10 0.41924013164648694
2 0.0
-6 0.41924013164648694
-3 0.41924013164648694
-10 0.3144300987348652
3 0.10481003291162173
-5 0.41924013164648694
-2 0.41924013164648694
-10 0.41924013164648694
-17 0.0
-29 0.0
-5 0.41924013164648694
-2 0.41924013164648694
-10 0.41924013164648694
-14 0.0
-26 0.0
-5 0.41924013164648694
-2 0.41924013164648694
-10 0.41924013164648694
1 0.0
-17 0.0
-29 0.0
-5 0.41924013164648694
-2 0.41924013164648694
2 0.41924013164648694
-10 0.0
-34 0.0
-22 0.0
-6 0.41924013164648694
-3 0.41924013164648694
-10 0.41924013164648694
-6 0.41924013164648694
-3 0.41924013164648694
-10 0.41924013164648694
2 0.0
-25 0.0
-37 0.0
-7 0.41924013164648694
-4 0.41924013164648694
-10 0.41924013164648694
-7 0.41924013164648694
-4 0.41924013164648694
-10 0.41924013164648694
2 0.0
-28 0.0
-40 0.0
-8 0.41924013164648694
-1 0.41924013164648694
-10 0.41924013164648694
-8 0.41924013164648694
-1 0.41924013164648694
0 0.41924013164648694
-12 0.0
-27 0.0
-39 0.0
-8 0.41924013164648694
-3 0.41924013164648694
-12 0.41924013164648694
-8 0.41924013164648694
-3 0.41924013164648694
-2 0.41924013164648694
-34 0.0
-14 0.0
-22 0.0
-10 0.41924013164648694
-7 0.41924013164648694
-14 0.41924013164648694
-10 0.41924013164648694
-7 0.41924013164648694
-3 0.41924013164648694
-15 0.0
-33 0.0
-21 0.0
-12 0.41924013164648694
-6 0.41924013164648694
-15 0.41924013164648694
-12 0.41924013164648694
-6 0.41924013164648694
-8 0.41924013164648694
-20 0.0
-32 0.0
-15 0.41924013164648694
-12 0.41924013164648694
-20 0.41924013164648694
-15 0.41924013164648694
-12 0.41924013164648694
-8 0.41924013164648694
-20 0.0
-32 0.0
-15 0.41924013164648694
-13 0.41924013164648694
-8 0.41924013164648694
-20 0.0
-32 0.0
-16 0.41924013164648694
-13 0.41924013164648694
-15 0.41924013164648694
-39 0.0
-32 0.0
-27 0.0
-12 0.41924013164648694
-8 0.41924013164648694
-12 0.41924013164648694
-8 0.41924013164648694
-3 0.41924013164648694
-8 0.41924013164648694
-3 0.41924013164648694
0 0.41924013164648694
-8 0.41924013164648694
4 0.0
-3 0.41924013164648694
0 0.41924013164648694
4 0.10481003291162173
4 0.3144300987348652
-8 0.0
-16 0.0
-28 0.0
-20 0.0
-1 0.41924013164648694
2 0.41924013164648694
-8 0.41924013164648694
-1 0.41924013164648694
2 0.41924013164648694
-8 0.41924013164648694
-1 0.41924013164648694
2 0.41924013164648694
4 0.41924013164648694
-8 0.0
-1 0.41924013164648694
2 0.41924013164648694
4 0.10481003291162173
4 0.3144300987348652
-8 0.0
-27 0.0
-15 0.0
-3 0.41924013164648694
0 0.41924013164648694
-8 0.41924013164648694
-3 0.41924013164648694
0 0.41924013164648694
-9 0.41924013164648694
3 0.0
-30 0.0
-18 0.0
-3 0.41924013164648694
0 0.41924013164648694
4 0.41924013164648694
-8 0.0
-20 0.0
-32 0.0
-3 0.41924013164648694
0 0.41924013164648694
-6 0.41924013164648694
6 0.0
-33 0.0
-21 0.0
-25 0.0
-3 0.41924013164648694
-1 0.41924013164648694
-6 0.41924013164648694
-3 0.41924013164648694
-1 0.41924013164648694
-6 0.41924013164648694
-3 0.41924013164648694
-1 0.41924013164648694
6 0.41924013164648694
-6 0.0
-25 0.0
-21 0.0
-33 0.0
-3 0.41924013164648694
-1 0.41924013164648694
7 0.41924013164648694
-5 0.0
-20 0.0
-25 0.0
-32 0.0
-1 0.41924013164648694
4 0.41924013164648694
-5 0.41924013164648694
-1 0.41924013164648694
4 0.41924013164648694
6 0.41924013164648694
-6 0.0
-27 0.0
-39 0.0
-3 0.41924013164648694
0 0.41924013164648694
4 0.41924013164648694
-8 0.0
-26 0.0
-38 0.0
-5 0.41924013164648694
1 0.41924013164648694
3 0.41924013164648694
-37 0.0
-25 0.0
-9 0.41924013164648694
-6 0.41924013164648694
-1 0.41924013164648694
-9 0.41924013164648694
-6 0.41924013164648694
0 0.41924013164648694
-9 0.3982781250641626
-6 0.44020213822881127
-3 0.41924013164648694
-9 0.3982781250641626
-6 0.44020213822881127
-25 0.41924013164648694
-37 0.0
-21 0.41924013164648694
-18 0.41924013164648694
-13 0.41924013164648694
-21 0.41924013164648694
-18 0.41924013164648694
-12 0.41924013164648694
-21 0.3982781250641626
-18 0.44020213822881127
-15 0.41924013164648694
-21 0.41924013164648694
-18 0.41924013164648694
-37 0.41924013164648694
-25 0.0
-17 0.0
-5 0.41924013164648694
-1 0.3982781250641626
4 0.44020213822881127
-5 0.41924013164648694
-1 0.41924013164648694
7 0.41924013164648694
-5 0.41924013164648694
-1 0.41924013164648694
4 0.41924013164648694
-5 0.3982781250641626
-1 0.44020213822881127
-25 0.41924013164648694
-37 0.0
-17 0.41924013164648694
-13 0.41924013164648694
-8 0.41924013164648694
-17 0.41924013164648694
-13 0.41924013164648694
-5 0.41924013164648694
-17 0.41924013164648694
-13 0.41924013164648694
-8 0.41924013164648694
-17 0.41924013164648694
-13 0.41924013164648694
-18 0.41924013164648694
-37 0.0
-25 0.0
-12 0.41924013164648694
-15 0.41924013164648694
-9 0.41924013164648694
-12 0.41924013164648694
-6 0.41924013164648694
-9 0.41924013164648694
-3 0.41924013164648694
-6 0.41924013164648694
0 0.41924013164648694
-3 0.41924013164648694
3 0.41924013164648694
-25 0.41924013164648694
-17 0.0
-37 0.0
-8 0.41924013164648694
-13 0.41924013164648694
-5 0.41924013164648694
-8 0.41924013164648694
-1 0.41924013164648694
-5 0.41924013164648694
4 0.41924013164648694
-1 0.41924013164648694
7 0.41924013164648694
4 0.41924013164648694
-1 0.41924013164648694
-8 0.41924013164648694
-37 0.0
-25 0.0
-2 0.41924013164648694
-5 0.41924013164648694
1 0.41924013164648694
-2 0.41924013164648694
4 0.41924013164648694
1 0.41924013164648694
7 0.41924013164648694
4 0.41924013164648694
10 0.41924013164648694
7 0.41924013164648694
13 0.41924013164648694
-3 0.41924013164648694
-37 0.0
-25 0.0
3 0.41924013164648694
0 0.41924013164648694
6 0.41924013164648694
3 0.41924013164648694
9 0.41924013164648694
6 0.41924013164648694
12 0.41924013164648694
9 0.41924013164648694
15 0.41924013164648694
12 0.41924013164648694
18 0.41924013164648694
15 0.41924013164648694
9 0.41924013164648694
12 0.41924013164648694
6 0.41924013164648694
9 0.41924013164648694
3 0.41924013164648694
6 0.41924013164648694
0 0.41924013164648694
3 0.41924013164648694
-3 0.41924013164648694
0 0.41924013164648694
-6 0.41924013164648694
-3 0.41924013164648694
-9 0.41924013164648694
-6 0.41924013164648694
-12 0.41924013164648694
-9 0.41924013164648694
-15 0.41924013164648694
-12 0.41924013164648694
-18 0.41924013164648694
-15 0.41924013164648694
-20 0.41924013164648694
-15 0.41924013164648694
-12 0.41924013164648694
-25 0.41924013164648694
-37 0.0
-21 0.0
-15 0.41924013164648694
-13 0.41924013164648694
-12 0.41924013164648694
-13 0.41924013164648694
-15 0.41924013164648694
-18 0.41924013164648694
-15 0.41924013164648694
-12 0.41924013164648694
-20 0.41924013164648694
-15 0.41924013164648694
-12 0.41924013164648694
-37 0.41924013164648694
-21 0.0
-25 0.0
-15 0.41924013164648694
-13 0.41924013164648694
-12 0.41924013164648694
-13 0.41924013164648694
-15 0.41924013164648694
-19 0.41924013164648694
-15 0.41924013164648694
-12 0.41924013164648694
-20 0.41924013164648694
-15 0.41924013164648694
-12 0.41924013164648694
-25 0.41924013164648694
-37 0.0
-21 0.0
-15 0.41924013164648694
-13 0.41924013164648694
-12 0.41924013164648694
-13 0.41924013164648694
-15 0.41924013164648694
-24 0.41924013164648694
-36 0.0
-20 0.0
-17 0.41924013164648694
-8 0.41924013164648694
-20 0.41924013164648694
-17 0.41924013164648694
-8 0.41924013164648694
-39 0.41924013164648694
-27 0.0
-18 0.0
-12 0.41924013164648694
-8 0.41924013164648694
-18 0.41924013164648694
-12 0.3982781250641626
-8 0.44020213822881127
-37 0.41924013164648694
-25 0.0
-18 0.0
-13 0.41924013164648694
-9 0.41924013164648694
-18 0.41924013164648694
-15 0.41924013164648694
-9 0.41924013164648694
-20 0.41924013164648694
-17 0.0
-25 0.0
-32 0.0
-13 0.41924013164648694
-8 0.41924013164648694
-13 0.41924013164648694
-8 0.41924013164648694
-5 0.41924013164648694
-13 0.41924013164648694
-8 0.41924013164648694
-5 0.41924013164648694
-1 0.41924013164648694
-13 0.0
-8 0.41924013164648694
-5 0.41924013164648694
-1 0.08384802632929739
-1 0.33539210531718955
-33 0.0
-21 0.0
-13 0.0
-25 0.0
-6 0.41924013164648694
-3 0.41924013164648694
-13 0.41924013164648694
-6 0.41924013164648694
-3 0.41924013164648694
-13 0.41924013164648694
-6 0.41924013164648694
-3 0.41924013164648694
-1 0.41924013164648694
-13 0.0
-6 0.41924013164648694
-3 0.41924013164648694
-1 0.10481003291162173
-1 0.3144300987348652
-32 0.0
-13 0.0
-20 0.0
-8 0.41924013164648694
-5 0.41924013164648694
-13 0.41924013164648694
-8 0.41924013164648694
-5 0.41924013164648694
0 0.41924013164648694
-12 0.0
-27 0.0
-39 0.0
-8 0.41924013164648694
-3 0.41924013164648694
-12 0.41924013164648694
-8 0.41924013164648694
-3 0.41924013164648694
-1 0.41924013164648694
-22 0.0
-13 0.0
-34 0.0
-10 0.41924013164648694
-5 0.41924013164648694
-13 0.41924013164648694
-10 0.41924013164648694
-5 0.41924013164648694
-12 0.41924013164648694
-3 0.0
-34 0.0
-22 0.0
-10 0.41924013164648694
-6 0.41924013164648694
-12 0.32491110202602735
2 0.09432902962045955
-10 0.41924013164648694
-6 0.41924013164648694
-5 0.41924013164648694
-29 0.0
-17 0.0
-13 0.0
-10 0.41924013164648694
-5 0.41924013164648694
-10 0.41924013164648694
-5 0.41924013164648694
-1 0.41924013164648694
-10 0.41924013164648694
-5 0.41924013164648694
-1 0.41924013164648694
2 0.41924013164648694
-10 0.0
-5 0.41924013164648694
-1 0.41924013164648694
2 0.10481003291162173
2 0.3144300987348652
-10 0.0
-18 0.0
-30 0.0
-3 0.41924013164648694
0 0.41924013164648694
-10 0.41924013164648694
-3 0.41924013164648694
0 0.41924013164648694
-10 0.41924013164648694
-3 0.41924013164648694
0 0.41924013164648694
-10 0.41924013164648694
2 0.0
-3 0.41924013164648694
0 0.41924013164648694
2 0.10481003291162173
2 0.3144300987348652
-10 0.0
-17 0.0
-29 0.0
-5 0.3982781250641626
-1 0.44020213822881127
-10 0.41924013164648694
-5 0.3982781250641626
-1 0.44020213822881127
-9 0.41924013164648694
3 0.0
-30 0.0
-18 0.0
-3 0.41924013164648694
-1 0.41924013164648694
-8 0.41924013164648694
4 0.0
-32 0.0
-20 0.0
-5 0.41924013164648694
-1 0.41924013164648694
-6 0.41924013164648694
6 0.0
-25 0.0
-21 0.0
-33 0.0
-3 0.41924013164648694
-1 0.41924013164648694
-6 0.41924013164648694
-3 0.41924013164648694
-1 0.41924013164648694
-5 0.41924013164648694
7 0.0
-32 0.0
-20 0.0
-25 0.0
-1 0.41924013164648694
4 0.41924013164648694
-5 0.41924013164648694
-1 0.41924013164648694
4 0.41924013164648694
-7 0.41924013164648694
5 0.0
-27 0.0
-39 0.0
-3 0.41924013164648694
0 0.41924013164648694
-7 0.41924013164648694
-3 0.41924013164648694
0 0.41924013164648694
3 0.41924013164648694
-9 0.0
-37 0.0
-25 0.0
-3 0.41924013164648694
-1 0.41924013164648694
-9 0.41924013164648694
-3 0.41924013164648694
-1 0.41924013164648694
4 0.41924013164648694
-8 0.0
-20 0.0
-32 0.0
-5 0.41924013164648694
-1 0.41924013164648694
-8 0.41924013164648694
-5 0.41924013164648694
-1 0.41924013164648694
-8 0.41924013164648694
-4 0.41924013164648694
-1 0.41924013164648694
-8 0.41924013164648694
4 0.0
-4 0.41924013164648694
-1 0.41924013164648694
-8 0.3144300987348652
5 0.10481003291162173
-3 0.41924013164648694
0 0.41924013164648694
-8 0.41924013164648694
-27 0.0
-15 0.0
-3 0.41924013164648694
0 0.41924013164648694
-12 0.41924013164648694
-8 0.0
-24 0.0
-3 0.41924013164648694
0 0.41924013164648694
-8 0.41924013164648694
3 0.0
-27 0.0
-15 0.0
-3 0.41924013164648694
0 0.41924013164648694
4 0.41924013164648694
-8 0.0
-20 0.0
-32 0.0
-4 0.41924013164648694
-1 0.41924013164648694
-8 0.41924013164648694
-4 0.41924013164648694
-1 0.41924013164648694
-8 0.41924013164648694
-4 0.41924013164648694
-1 0.41924013164648694
-8 0.41924013164648694
4 0.0
-4 0.41924013164648694
-1 0.41924013164648694
-8 0.3144300987348652
5 0.10481003291162173
-3 0.41924013164648694
0 0.41924013164648694
-8 0.41924013164648694
-15 0.0
-27 0.0
-3 0.41924013164648694
0 0.41924013164648694
-12 0.41924013164648694
-8 0.0
-24 0.0
-3 0.41924013164648694
0 0.41924013164648694
-8 0.41924013164648694
3 0.0
-27 0.0
-15 0.0
-3 0.41924013164648694
0 0.41924013164648694
4 0.41924013164648694
-8 0.0
-32 0.0
-20 0.0
-4 0.41924013164648694
-1 0.41924013164648694
-8 0.41924013164648694
-4 0.41924013164648694
-1 0.41924013164648694
-8 0.41924013164648694
4 0.0
-27 0.0
-39 0.0
-3 0.41924013164648694
0 0.41924013164648694
-8 0.41924013164648694
-3 0.41924013164648694
0 0.41924013164648694
2 0.41924013164648694
-10 0.0
-30 0.0
-18 0.0
-3 0.41924013164648694
0 0.41924013164648694
-10 0.41924013164648694
-3 0.41924013164648694
0 0.41924013164648694
-10 0.41924013164648694
-3 0.41924013164648694
0 0.41924013164648694
-10 0.41924013164648694
2 0.0
-29 0.0
-17 0.0
-5 0.41924013164648694
-1 0.41924013164648694
-12 0.41924013164648694
0 0.0
-32 0.0
-20 0.0
-5 0.41924013164648694
-1 0.41924013164648694
-12 0.41924013164648694
0 0.0
-18 0.0
-30 0.0
-6 0.41924013164648694
-3 0.41924013164648694
-1 0.41924013164648694
-33 0.0
-13 0.0
-21 0.0
-6 0.41924013164648694
-3 0.41924013164648694
-1 0.41924013164648694
-13 0.0
-20 0.0
-32 0.0
-8 0.41924013164648694
-5 0.41924013164648694
-3 0.41924013164648694
-15 0.0
-24 0.0
-36 0.0
-8 0.41924013164648694
-6 0.41924013164648694
-15 0.41924013164648694
-8 0.41924013164648694
-6 0.41924013164648694
-1 0.41924013164648694
-37 0.0
-25 0.0
-13 0.0
-8 0.41924013164648694
-6 0.41924013164648694
0 0.41924013164648694
-12 0.0
-39 0.0
-27 0.0
-8 0.41924013164648694
-6 0.41924013164648694
-1 0.41924013164648694
-37 0.0
-13 0.0
-25 0.0
-8 0.41924013164648694
-5 0.41924013164648694
-13 0.41924013164648694
-8 0.41924013164648694
-5 0.41924013164648694
-1 0.41924013164648694
-15 0.0
-37 0.0
-25 0.0
-9 0.41924013164648694
-6 0.41924013164648694
-15 0.41924013164648694
-9 0.41924013164648694
-6 0.41924013164648694
-8 0.41924013164648694
-25 0.0
-17 0.0
-32 0.0
-13 0.41924013164648694
-8 0.41924013164648694
-13 0.41924013164648694
-8 0.41924013164648694
-5 0.41924013164648694
-13 0.41924013164648694
-8 0.41924013164648694
-5 0.41924013164648694
-13 0.41924013164648694
-25 0.0
-8 0.41924013164648694
-5 0.41924013164648694
-25 0.10481003291162173
-33 0.3144300987348652
-25 0.0
-13 0.0
-6 0.41924013164648694
-3 0.41924013164648694
-13 0.41924013164648694
-6 0.41924013164648694
-3 0.41924013164648694
-13 0.41924013164648694
-6 0.41924013164648694
-3 0.41924013164648694
-13 0.41924013164648694
-25 0.0
-6 0.41924013164648694
-3 0.41924013164648694
-25 0.10481003291162173
-13 0.3144300987348652
-25 0.0
-32 0.0
-5 0.41924013164648694
-8 0.41924013164648694
-1 0.41924013164648694
-5 0.41924013164648694
4 0.41924013164648694
-1 0.41924013164648694
7 0.41924013164648694
4 0.41924013164648694
11 0.41924013164648694
-25 0.0
7 0.41924013164648694
4 0.41924013164648694
-25 0.10481003291162173
3 0.3144300987348652
-37 0.0
-25 0.0
6 0.41924013164648694
0 0.41924013164648694
3 0.41924013164648694
-3 0.41924013164648694
0 0.41924013164648694
-6 0.41924013164648694
-3 0.41924013164648694
-12 0.41924013164648694
-9 0.41924013164648694
-25 0.0
-13 0.41924013164648694
-15 0.41924013164648694
-25 0.10481003291162173
-8 0.3144300987348652
-17 0.0
-32 0.0
-25 0.0
-5 0.41924013164648694
-8 0.41924013164648694
-1 0.41924013164648694
-5 0.41924013164648694
4 0.41924013164648694
-1 0.41924013164648694
7 0.41924013164648694
4 0.41924013164648694
11 0.41924013164648694
-25 0.0
7 0.41924013164648694
4 0.41924013164648694
-25 0.10481003291162173
3 0.3144300987348652
-37 0.0
-25 0.0
6 0.41924013164648694
0 0.41924013164648694
3 0.41924013164648694
-3 0.41924013164648694
0 0.41924013164648694
-6 0.41924013164648694
-3 0.41924013164648694
-12 0.41924013164648694
-9 0.41924013164648694
-25 0.0
-13 0.41924013164648694
-15 0.41924013164648694
-25 0.10481003291162173
-8 0.3144300987348652
-25 0.0
-17 0.0
-32 0.0
-13 0.41924013164648694
-8 0.41924013164648694
-5 0.41924013164648694
-8 0.41924013164648694
-13 0.41924013164648694
-20 0.41924013164648694
-17 0.41924013164648694
-13 0.41924013164648694
-8 0.41924013164648694
-13 0.41924013164648694
-17 0.41924013164648694
-25 0.41924013164648694
-20 0.41924013164648694
-17 0.41924013164648694
-13 0.41924013164648694
-17 0.41924013164648694
-20 0.41924013164648694
-25 0.41924013164648694
-20 0.41924013164648694
-25 0.41924013164648694
-29 0.41924013164648694
-25 0.41924013164648694
-29 0.41924013164648694
-32 0.41924013164648694
-8 2.5154407898789217
-32 0.0
-25 0.0
-20 0.0
-17 0.0
-13 0.0
-8 2.5154407898789217
-32 0.0
-20 0.0
-25 0.0
-17 0.0
-13 0.0
