6 2.719260743799138
-5 0.024590149906246916
-12 0.006147537476561729
-9 0.0
7 0.043032762335932104
-12 0.23975396158590742
-5 0.0
-9 0.006147537476561729
-5 0.22950806579163788
7 0.004098358317707819
-12 0.004098358317707819
-9 0.0020491791588539096
-5 0.20286873672653705
-12 0.0020491791588539096
-9 0.008196716635415638
7 0.12499992869008848
7 0.11065567457811111
-5 0.012295074953123458
-12 0.0020491791588539096
-9 0.008196716635415638
-5 0.1926228409322675
-12 0.006147537476561729
-9 0.004098358317707819
3 0.22336052831507613
-12 0.010245895794269547
-5 0.0
-9 0.008196716635415638
-12 0.19467202009112142
-9 0.014344254111977367
-5 0.004098358317707819
0 0.12295074953123457
0 0.09221306214842594
-5 0.030737687382808642
-7 0.0020491791588539096
-12 0.010245895794269547
-10 0.0
-12 0.19877037840882922
-7 0.008196716635415638
-5 0.0020491791588539096
-1 0.006147537476561729
-10 0.004098358317707819
-1 0.20286873672653705
-5 0.006147537476561729
-7 0.0
-10 0.0020491791588539096
-12 0.0020491791588539096
-5 0.20696709504424488
-7 0.0020491791588539096
-12 0.006147537476561729
-10 0.0020491791588539096
-5 0.21106545336195268
-12 0.0
-7 0.006147537476561729
-10 0.010245895794269547
-12 0.19672119924997533
-5 0.0020491791588539096
-7 0.008196716635415638
-10 0.0020491791588539096
5 0.22745888663278396
-5 0.006147537476561729
-7 0.0020491791588539096
-12 0.0020491791588539096
-10 0.0
-10 0.2131146325208066
-5 0.0
-12 0.006147537476561729
-7 0.0
2 0.10245895794269548
7 0.09836059962498767
-12 0.024590149906246916
-5 0.0
-9 0.004098358317707819
-12 0.23360642410934568
-9 0.0020491791588539096
-5 0.0
7 0.20901627420309876
-9 0.010245895794269547
-12 0.006147537476561729
-5 0.0020491791588539096
-9 0.22540970747393005
-12 0.0
-5 0.008196716635415638
7 0.07377044971874075
7 0.10450813710154938
-9 0.03483604570051646
-5 0.004098358317707819
-12 0.0020491791588539096
-12 0.20696709504424488
-9 0.0
-5 0.004098358317707819
8 0.008196716635415638
7 0.08606552467186421
-12 0.10040977878384157
-9 0.0020491791588539096
5 0.0020491791588539096
-5 0.0020491791588539096
3 0.11065567457811111
-9 0.07581962887759465
-12 0.004098358317707819
2 0.0
-5 0.006147537476561729
0 0.08606552467186421
0 0.11270485373696502
-12 0.006147537476561729
-10 0.004098358317707819
-7 0.004098358317707819
-5 0.0
-1 0.22745888663278396
-7 0.014344254111977367
-10 0.004098358317707819
-12 0.0
-5 0.0020491791588539096
-1 0.19877037840882922
-7 0.024590149906246916
-5 0.0020491791588539096
-12 0.0020491791588539096
-10 0.006147537476561729
-5 0.20491791588539096
-7 0.004098358317707819
-12 0.0
-10 0.004098358317707819
-5 0.22131134915622222
-7 0.006147537476561729
-12 0.0020491791588539096
-10 0.0020491791588539096
-5 0.19467202009112142
-7 0.0020491791588539096
-12 0.0
-10 0.006147537476561729
5 0.2151638116796605
-5 0.010245895794269547
-7 0.006147537476561729
-10 0.004098358317707819
-12 0.0020491791588539096
-5 0.19877037840882922
-10 0.006147537476561729
-7 0.0020491791588539096
-12 0.010245895794269547
2 0.09631142046613375
-9 0.11475403289581894
7 0.0020491791588539096
3 0.0020491791588539096
-12 0.0020491791588539096
-12 0.23360642410934568
3 0.12499992869008848
0 0.008196716635415638
-17 0.0840163455130103
3 0.014344254111977367
7 0.006147537476561729
-21 0.1905736617734136
-24 0.2581965740155926
3 0.21721299083851442
0 0.006147537476561729
5 0.21106545336195268
2 0.018442612429685187
3 0.17827858682029013
7 0.004098358317707819
7 0.2889342613984012
4 0.008196716635415638
8 0.48155710233066873
-7 0.0
5 0.0020491791588539096
-12 0.0
-9 0.0
-16 0.022540970747393006
-7 0.4549177732655679
-10 0.004098358317707819
-14 0.006147537476561729
2 0.20081955756768313
-2 0.012295074953123458
3 0.20491791588539096
0 0.010245895794269547
5 0.19467202009112142
2 0.004098358317707819
6 0.28483590308069345
2 0.006147537476561729
-9 0.48155710233066873
3 0.0
7 0.010245895794269547
-10 0.0
-14 0.006147537476561729
-17 0.010245895794269547
-12 0.4733603856952531
-9 0.006147537476561729
-16 0.012295074953123458
0 0.19467202009112142
-4 0.006147537476561729
-1 0.2131146325208066
2 0.0
0 0.22950806579163788
3 0.008196716635415638
3 0.23975396158590742
2 0.385245681864535
-10 0.09221306214842594
-16 0.004098358317707819
-19 0.0020491791588539096
8 0.004098358317707819
5 0.38319650270568106
-12 0.09221306214842594
-17 0.006147537476561729
3 0.004098358317707819
-9 0.012295074953123458
7 0.3483604570051646
5 0.11475403289581894
-13 0.022540970747393006
-10 0.006147537476561729
-17 0.024590149906246916
2 0.37704896522911935
6 0.17622940766143622
-9 0.03893440401822428
-5 0.0020491791588539096
-12 0.0020491791588539096
7 0.028688508223954735
-5 0.28483590308069345
-9 0.004098358317707819
-12 0.0020491791588539096
7 0.19877037840882922
-5 0.016393433270831276
-12 0.008196716635415638
-9 0.004098358317707819
-5 0.1741802285025823
-12 0.010245895794269547
-9 0.0020491791588539096
7 0.09631142046613375
7 0.09631142046613375
-5 0.026639329065100824
-12 0.006147537476561729
-9 0.0020491791588539096
-5 0.21106545336195268
-9 0.012295074953123458
-12 0.0020491791588539096
8 0.010245895794269547
7 0.09426224130727984
5 0.10245895794269548
-5 0.0
-9 0.012295074953123458
-12 0.004098358317707819
3 0.0840163455130103
-12 0.07377044971874075
-5 0.004098358317707819
2 0.004098358317707819
-9 0.006147537476561729
0 0.09426224130727984
0 0.12295074953123457
-7 0.022540970747393006
-4 0.0020491791588539096
-10 0.008196716635415638
-12 0.010245895794269547
-1 0.20286873672653705
-12 0.0020491791588539096
-10 0.004098358317707819
-4 0.004098358317707819
-7 0.0
-1 0.22540970747393005
-4 0.0020491791588539096
-12 0.008196716635415638
-10 0.0
-7 0.0020491791588539096
-4 0.2131146325208066
-12 0.008196716635415638
-10 0.0020491791588539096
-7 0.0020491791588539096
-4 0.21926216999736833
-12 0.008196716635415638
-10 0.0020491791588539096
-7 0.0020491791588539096
-4 0.20286873672653705
-7 0.014344254111977367
-10 0.0020491791588539096
-12 0.0
-1 0.09426224130727984
5 0.11065567457811111
-4 0.012295074953123458
-10 0.0
-7 0.0020491791588539096
-12 0.004098358317707819
-4 0.22336052831507613
-12 0.006147537476561729
-10 0.004098358317707819
-7 0.0020491791588539096
2 0.09221306214842594
7 0.11065567457811111
-9 0.012295074953123458
-12 0.008196716635415638
-5 0.014344254111977367
-9 0.20696709504424488
-12 0.004098358317707819
-5 0.004098358317707819
-9 0.20286873672653705
7 0.0020491791588539096
-12 0.010245895794269547
-5 0.0020491791588539096
-9 0.22131134915622222
-5 0.006147537476561729
-12 0.006147537476561729
7 0.07991798719530248
-9 0.10245895794269548
-12 0.010245895794269547
-5 0.004098358317707819
6 0.008196716635415638
7 0.10245895794269548
-9 0.08196716635415638
-12 0.0
-5 0.018442612429685187
8 0.024590149906246916
7 0.08196716635415638
-12 0.08606552467186421
-9 0.0020491791588539096
-5 0.008196716635415638
5 0.012295074953123458
3 0.10040977878384157
-12 0.06762291224217902
-9 0.006147537476561729
-5 0.008196716635415638
2 0.016393433270831276
0 0.10245895794269548
3 0.1065573162604033
-11 0.03278686654166255
-5 0.0020491791588539096
-9 0.0020491791588539096
-14 0.008196716635415638
1 0.20286873672653705
-5 0.018442612429685187
-14 0.004098358317707819
-11 0.0
-9 0.004098358317707819
1 0.19877037840882922
-5 0.010245895794269547
-11 0.008196716635415638
-14 0.004098358317707819
-9 0.004098358317707819
-5 0.20491791588539096
-11 0.0020491791588539096
-14 0.0
-9 0.008196716635415638
-11 0.21721299083851442
-5 0.0
-14 0.0
-9 0.010245895794269547
-14 0.2131146325208066
-5 0.0
-11 0.004098358317707819
-9 0.008196716635415638
7 0.07991798719530248
10 0.09426224130727984
-14 0.036885224859370375
-11 0.0020491791588539096
-5 0.0020491791588539096
-9 0.012295074953123458
-14 0.18647530345570576
-11 0.006147537476561729
-5 0.0020491791588539096
-9 0.010245895794269547
13 0.11475403289581894
13 0.07991798719530248
-9 0.016393433270831276
-16 0.010245895794269547
-4 0.0020491791588539096
-4 0.20901627420309876
12 0.0
-9 0.008196716635415638
-16 0.004098358317707819
8 0.18647530345570576
-7 0.026639329065100824
-12 0.010245895794269547
-16 0.008196716635415638
-12 0.1926228409322675
-7 0.004098358317707819
5 0.0020491791588539096
-16 0.004098358317707819
5 0.20491791588539096
-14 0.008196716635415638
-12 0.004098358317707819
-17 0.010245895794269547
-14 0.20081955756768313
4 0.004098358317707819
-12 0.004098358317707819
-17 0.0
-12 0.20491791588539096
7 0.006147537476561729
-17 0.016393433270831276
-8 0.006147537476561729
-8 0.17622940766143622
-17 0.0020491791588539096
10 0.014344254111977367
-12 0.006147537476561729
-7 0.21721299083851442
-12 0.004098358317707819
10 0.0020491791588539096
-19 0.012295074953123458
9 0.2356556032681996
-14 0.22131134915622222
-22 0.012295074953123458
8 0.22131134915622222
-21 0.20286873672653705
-14 0.0020491791588539096
6 0.23975396158590742
-9 0.20491791588539096
-12 0.004098358317707819
7 0.2151638116796605
-16 0.24999985738017697
7 0.010245895794269547
-12 0.21926216999736833
5 0.008196716635415638
5 0.23360642410934568
-16 0.008196716635415638
-12 0.20491791588539096
-16 0.20491791588539096
-12 0.22540970747393005
7 0.024590149906246916
5 0.07991798719530248
-15 0.11885239121352675
5 0.014344254111977367
3 0.10450813710154938
-12 0.0840163455130103
2 0.004098358317707819
3 0.09426224130727984
-14 0.11680321205467284
2 0.004098358317707819
-7 0.12499992869008848
-10 0.12090157037238067
-7 0.09221306214842594
-14 0.14139336196091976
10 0.0
-7 0.11680321205467284
-10 0.12090157037238067
10 0.07991798719530248
-7 0.022540970747393006
10 0.0840163455130103
-14 0.022540970747393006
-6 0.10450813710154938
-9 0.1065573162604033
-6 0.0840163455130103
-14 0.1311474661666502
10 0.006147537476561729
-4 0.09016388298957202
-7 0.1065573162604033
-4 0.10040977878384157
-14 0.1516392577551893
3 0.006147537476561729
15 0.0020491791588539096
-6 0.13524582448435804
-9 0.11065567457811111
-6 0.09221306214842594
-14 0.11680321205467284
-6 0.08196716635415638
-9 0.16188515354945884
13 0.012295074953123458
-6 0.0655737330833251
11 0.004098358317707819
10 0.12295074953123457
-14 0.008196716635415638
-6 0.08196716635415638
-9 0.1536884369140432
-6 0.06762291224217902
-14 0.11680321205467284
9 0.020491791588539095
-6 0.0655737330833251
-9 0.1516392577551893
-6 0.07377044971874075
-14 0.1311474661666502
10 0.026639329065100824
2 0.004098358317707819
-7 0.07786880803644856
-10 0.1680326910260206
-7 0.07991798719530248
10 0.1311474661666502
-14 0.004098358317707819
-7 0.10040977878384157
-10 0.11885239121352675
-7 0.08811470383071811
10 0.014344254111977367
-14 0.09426224130727984
10 0.016393433270831276
-6 0.11475403289581894
-9 0.12704910784894238
-6 0.06967209140103292
-14 0.11065567457811111
10 0.008196716635415638
-4 0.09426224130727984
-7 0.11680321205467284
-4 0.11270485373696502
-14 0.13934418280206584
3 0.006147537476561729
15 0.004098358317707819
-6 0.15778679523175104
-9 0.11270485373696502
-6 0.09016388298957202
-14 0.09221306214842594
-6 0.11065567457811111
-9 0.12704910784894238
13 0.022540970747393006
-6 0.06352455392447119
11 0.016393433270831276
-14 0.09836059962498767
10 0.022540970747393006
-6 0.07786880803644856
-9 0.14959007859633539
-6 0.09016388298957202
-14 0.08811470383071811
9 0.024590149906246916
-6 0.09836059962498767
-9 0.09631142046613375
-6 0.11475403289581894
10 0.11885239121352675
-7 0.0020491791588539096
-10 0.0
-14 0.020491791588539095
5 0.0840163455130103
2 0.11270485373696502
5 0.09836059962498767
10 0.10040977878384157
6 0.10450813710154938
3 0.11270485373696502
-9 0.008196716635415638
-21 0.010245895794269547
6 0.0840163455130103
10 0.15778679523175104
-14 0.006147537476561729
-26 0.008196716635415638
5 0.09631142046613375
2 0.12090157037238067
5 0.09016388298957202
10 0.12090157037238067
6 0.10860649541925721
3 0.12295074953123457
-9 0.0
-21 0.004098358317707819
6 0.09016388298957202
-14 0.14549172027862758
-26 0.004098358317707819
10 0.006147537476561729
5 0.11885239121352675
2 0.10860649541925721
5 0.09631142046613375
10 0.11680321205467284
6 0.10040977878384157
3 0.10860649541925721
-9 0.014344254111977367
-21 0.0
6 0.07786880803644856
5 0.12704910784894238
2 0.0020491791588539096
-14 0.004098358317707819
-26 0.0020491791588539096
10 0.09016388298957202
6 0.11680321205467284
-9 0.006147537476561729
-21 0.0020491791588539096
3 0.006147537476561729
10 0.09426224130727984
-14 0.11680321205467284
5 0.0
2 0.012295074953123458
-26 0.0
10 0.08811470383071811
6 0.12295074953123457
-21 0.0020491791588539096
-9 0.0
3 0.004098358317707819
10 0.1065573162604033
5 0.09426224130727984
2 0.016393433270831276
-14 0.0
-26 0.004098358317707819
-2 0.4118850109296358
2 0.018442612429685187
5 0.020491791588539095
10 0.028688508223954735
-26 0.0020491791588539096
-38 0.0020491791588539096
-38 0.4569669524244218
-26 0.016393433270831276
10 0.22745888663278396
12 0.2151638116796605
14 0.20081955756768313
15 0.2520490365390309
-2 0.010245895794269547
-5 0.018442612429685187
17 0.08811470383071811
14 0.11680321205467284
-2 0.016393433270831276
-5 0.006147537476561729
17 0.06967209140103292
15 0.12090157037238067
-2 0.020491791588539095
-5 0.014344254111977367
17 0.061475374765617284
14 0.14139336196091976
-5 0.006147537476561729
-2 0.0
17 0.05942619560676338
-2 0.14344254111977367
15 0.010245895794269547
-5 0.0020491791588539096
17 0.1065573162604033
14 0.10860649541925721
15 0.11885239121352675
12 0.10450813710154938
14 0.1065573162604033
10 0.1065573162604033
12 0.10860649541925721
0 0.10450813710154938
8 0.004098358317707819
-7 0.0
10 0.11680321205467284
0 0.10860649541925721
7 0.0
-7 0.006147537476561729
10 0.08606552467186421
8 0.11475403289581894
0 0.028688508223954735
-7 0.008196716635415638
10 0.06352455392447119
7 0.11475403289581894
0 0.010245895794269547
-7 0.016393433270831276
10 0.043032762335932104
8 0.13934418280206584
0 0.010245895794269547
-7 0.0020491791588539096
10 0.07786880803644856
7 0.1290982870077963
8 0.09016388298957202
5 0.11065567457811111
7 0.11475403289581894
3 0.09631142046613375
5 0.12295074953123457
2 0.09016388298957202
-4 0.024590149906246916
-7 0.0
-14 0.004098358317707819
3 0.0840163455130103
0 0.11475403289581894
-4 0.006147537476561729
-14 0.008196716635415638
-7 0.004098358317707819
3 0.0655737330833251
2 0.11680321205467284
-4 0.030737687382808642
-14 0.006147537476561729
-7 0.006147537476561729
3 0.061475374765617284
0 0.1290982870077963
-4 0.0
-14 0.006147537476561729
-7 0.006147537476561729
3 0.06762291224217902
2 0.1311474661666502
-4 0.012295074953123458
-14 0.0020491791588539096
-7 0.006147537476561729
3 0.06762291224217902
0 0.12704910784894238
2 0.09631142046613375
-2 0.11680321205467284
0 0.10245895794269548
-4 0.12090157037238067
-2 0.08606552467186421
-5 0.14959007859633539
-9 0.0020491791588539096
-2 0.09836059962498767
-4 0.12295074953123457
-5 0.1065573162604033
-4 0.1065573162604033
-2 0.10040977878384157
0 0.10860649541925721
2 0.1065573162604033
3 0.09426224130727984
5 0.12090157037238067
3 0.10245895794269548
2 0.09426224130727984
3 0.10450813710154938
5 0.11065567457811111
7 0.09631142046613375
8 0.1065573162604033
10 0.11475403289581894
-17 0.008196716635415638
-9 0.0
12 0.11065567457811111
-9 0.10245895794269548
-17 0.0
9 0.006147537476561729
12 0.09836059962498767
-17 0.10860649541925721
10 0.0
-9 0.004098358317707819
12 0.09221306214842594
-17 0.10860649541925721
-9 0.004098358317707819
9 0.010245895794269547
12 0.09836059962498767
-9 0.1311474661666502
-17 0.004098358317707819
10 0.024590149906246916
15 0.11270485373696502
14 0.12704910784894238
15 0.09016388298957202
17 0.1065573162604033
15 0.12499992869008848
14 0.10860649541925721
15 0.09221306214842594
14 0.13729500364321193
-16 0.010245895794269547
12 0.13729500364321193
11 0.11680321205467284
12 0.10450813710154938
-12 0.11885239121352675
10 0.0020491791588539096
8 0.10860649541925721
7 0.11475403289581894
8 0.11680321205467284
-7 0.09221306214842594
7 0.014344254111977367
5 0.12090157037238067
4 0.11270485373696502
5 0.10450813710154938
4 0.10860649541925721
-16 0.010245895794269547
5 0.11065567457811111
7 0.11475403289581894
8 0.0840163455130103
-17 0.14959007859633539
12 0.0
10 0.13729500364321193
9 0.07581962887759465
10 0.11885239121352675
-14 0.1065573162604033
8 0.010245895794269547
7 0.09426224130727984
5 0.11680321205467284
7 0.1065573162604033
5 0.11065567457811111
-9 0.006147537476561729
3 0.12295074953123457
2 0.10860649541925721
3 0.10450813710154938
2 0.10450813710154938
-17 0.008196716635415638
3 0.10450813710154938
5 0.12295074953123457
7 0.09836059962498767
8 0.11475403289581894
-19 0.008196716635415638
10 0.11680321205467284
7 0.1290982870077963
8 0.07991798719530248
5 0.11885239121352675
-12 0.008196716635415638
-16 0.0
7 0.1065573162604033
3 0.11270485373696502
5 0.10450813710154938
2 0.11680321205467284
-14 0.018442612429685187
3 0.10450813710154938
0 0.10860649541925721
2 0.11475403289581894
-22 0.10860649541925721
-2 0.0020491791588539096
0 0.10245895794269548
-4 0.12295074953123457
-2 0.09016388298957202
-21 0.10245895794269548
-5 0.026639329065100824
-2 0.10860649541925721
-4 0.12090157037238067
-5 0.10860649541925721
-4 0.11270485373696502
-14 0.014344254111977367
-19 0.010245895794269547
-2 0.08196716635415638
0 0.11270485373696502
2 0.11475403289581894
-17 0.08196716635415638
3 0.018442612429685187
5 0.09836059962498767
7 0.10040977878384157
5 0.11065567457811111
3 0.09836059962498767
-9 0.036885224859370375
1 0.07172127055988683
0 0.12704910784894238
-1 0.10245895794269548
0 0.14959007859633539
-9 0.006147537476561729
-16 0.012295074953123458
2 0.1065573162604033
3 0.12499992869008848
2 0.10245895794269548
3 0.10245895794269548
4 0.11475403289581894
5 0.09631142046613375
4 0.11065567457811111
5 0.11475403289581894
7 0.11475403289581894
8 0.09426224130727984
7 0.1065573162604033
8 0.1065573162604033
11 0.11475403289581894
12 0.09426224130727984
11 0.11065567457811111
-16 0.09836059962498767
12 0.022540970747393006
-7 0.09221306214842594
14 0.018442612429685187
-12 0.09836059962498767
15 0.008196716635415638
-7 0.07581962887759465
14 0.016393433270831276
15 0.10450813710154938
-16 0.020491791588539095
-7 0.0840163455130103
14 0.0
15 0.11475403289581894
-12 0.0
-7 0.07581962887759465
14 0.024590149906246916
-16 0.10450813710154938
17 0.004098358317707819
-7 0.08196716635415638
15 0.030737687382808642
14 0.10245895794269548
-12 0.0020491791588539096
-7 0.08606552467186421
12 0.026639329065100824
-16 0.10040977878384157
14 0.016393433270831276
-7 0.08606552467186421
12 0.018442612429685187
-12 0.09426224130727984
10 0.006147537476561729
8 0.0840163455130103
-7 0.014344254111977367
-14 0.11680321205467284
7 0.0020491791588539096
-5 0.10245895794269548
10 0.0
-9 0.11475403289581894
12 0.008196716635415638
-5 0.07172127055988683
10 0.04508194149478601
-14 0.09016388298957202
8 0.016393433270831276
-5 0.07786880803644856
7 0.026639329065100824
-9 0.10040977878384157
5 0.006147537476561729
-5 0.07172127055988683
3 0.026639329065100824
-14 0.13524582448435804
5 0.006147537476561729
7 0.07991798719530248
-4 0.008196716635415638
5 0.06967209140103292
7 0.061475374765617284
-10 0.0
5 0.055327837289055555
-4 0.010245895794269547
7 0.061475374765617284
-14 0.04713112065363992
5 0.008196716635415638
7 0.06352455392447119
-10 0.04713112065363992
5 0.028688508223954735
-4 0.0840163455130103
3 0.020491791588539095
5 0.06352455392447119
-9 0.14344254111977367
-5 0.020491791588539095
15 0.14344254111977367
14 0.11475403289581894
12 0.08606552467186421
10 0.12295074953123457
12 0.09016388298957202
9 0.1311474661666502
12 0.08811470383071811
10 0.11680321205467284
12 0.11680321205467284
9 0.12295074953123457
12 0.09426224130727984
10 0.11885239121352675
2 0.010245895794269547
12 0.06967209140103292
8 0.13729500364321193
-2 0.018442612429685187
10 0.0840163455130103
7 0.11475403289581894
3 0.03483604570051646
15 0.12704910784894238
14 0.08606552467186421
12 0.1065573162604033
10 0.1065573162604033
12 0.11065567457811111
9 0.10860649541925721
12 0.09426224130727984
10 0.09836059962498767
12 0.12704910784894238
9 0.12090157037238067
12 0.09836059962498767
10 0.12499992869008848
2 0.03278686654166255
12 0.061475374765617284
8 0.1516392577551893
-2 0.008196716635415638
10 0.07786880803644856
7 0.13524582448435804
3 0.012295074953123458
8 0.11065567457811111
5 0.10860649541925721
7 0.09631142046613375
3 0.11270485373696502
5 0.10860649541925721
2 0.11065567457811111
3 0.10450813710154938
0 0.11270485373696502
-9 0.004098358317707819
-17 0.020491791588539095
2 0.09221306214842594
-2 0.12499992869008848
0 0.07377044971874075
-14 0.12090157037238067
-4 0.004098358317707819
-2 0.10860649541925721
-5 0.11065567457811111
-4 0.08811470383071811
-7 0.13729500364321193
-12 0.012295074953123458
-16 0.008196716635415638
-5 0.27254082812756997
-4 0.08811470383071811
-2 0.10450813710154938
0 0.11885239121352675
2 0.09016388298957202
3 0.10245895794269548
-10 0.11680321205467284
5 0.004098358317707819
-14 0.0
-16 0.004098358317707819
7 0.12499992869008848
8 0.10450813710154938
10 0.09426224130727984
12 0.11885239121352675
14 0.09426224130727984
15 0.10040977878384157
17 0.11475403289581894
19 0.14344254111977367
-14 0.0
-9 0.006147537476561729
-17 0.012295074953123458
15 0.10860649541925721
14 0.11065567457811111
15 0.1311474661666502
14 0.12090157037238067
-16 0.014344254111977367
12 0.10245895794269548
10 0.12295074953123457
8 0.0840163455130103
7 0.13524582448435804
-14 0.004098358317707819
-10 0.45286859410671404
5 0.022540970747393006
7 0.04508194149478601
5 0.07786880803644856
3 0.10450813710154938
5 0.06967209140103292
3 0.13934418280206584
3 0.11885239121352675
2 0.12090157037238067
0 0.09836059962498767
-2 0.09836059962498767
0 0.11270485373696502
-3 0.12704910784894238
0 0.10860649541925721
-2 0.11680321205467284
0 0.09426224130727984
-3 0.1311474661666502
0 0.09631142046613375
5 0.11475403289581894
14 0.0
-2 0.014344254111977367
0 0.08196716635415638
-4 0.11475403289581894
10 0.022540970747393006
-2 0.09426224130727984
15 0.13319664532550413
-5 0.0020491791588539096
7 0.004098358317707819
3 0.12499992869008848
2 0.1290982870077963
0 0.07991798719530248
-2 0.10450813710154938
0 0.11065567457811111
-3 0.12499992869008848
0 0.10040977878384157
-2 0.1290982870077963
0 0.10040977878384157
-3 0.09631142046613375
0 0.11475403289581894
-2 0.11270485373696502
5 0.036885224859370375
14 0.0020491791588539096
0 0.05942619560676338
-4 0.14139336196091976
10 0.020491791588539095
-2 0.06762291224217902
-5 0.1311474661666502
15 0.024590149906246916
7 0.0020491791588539096
-4 0.09426224130727984
-7 0.09836059962498767
-5 0.11065567457811111
-9 0.11680321205467284
10 0.043032762335932104
12 0.043032762335932104
-7 0.04098358317707819
10 0.05942619560676338
-10 0.036885224859370375
9 0.030737687382808642
10 0.09426224130727984
-9 0.006147537476561729
-10 0.024590149906246916
-12 0.07786880803644856
15 0.024590149906246916
-10 0.09836059962498767
-14 0.09426224130727984
-12 0.1065573162604033
-16 0.11065567457811111
7 0.03278686654166255
8 0.05942619560676338
-12 0.03278686654166255
-14 0.004098358317707819
-17 0.10040977878384157
5 0.026639329065100824
7 0.07172127055988683
-16 0.026639329065100824
-19 0.11065567457811111
8 0.0020491791588539096
-17 0.11475403289581894
-21 0.09631142046613375
-19 0.11270485373696502
-22 0.10450813710154938
17 0.04098358317707819
-21 0.07377044971874075
-24 0.10450813710154938
-22 0.11270485373696502
19 0.014344254111977367
20 0.10450813710154938
-26 0.0020491791588539096
-24 0.11270485373696502
-28 0.09836059962498767
-26 0.10245895794269548
-29 0.1311474661666502
14 0.020491791588539095
10 0.012295074953123458
15 0.05942619560676338
-28 0.022540970747393006
14 0.10245895794269548
-31 0.004098358317707819
12 0.04508194149478601
-28 0.05942619560676338
14 0.018442612429685187
-29 0.13524582448435804
15 0.026639329065100824
10 0.012295074953123458
14 0.11270485373696502
10 0.004098358317707819
15 0.10450813710154938
10 0.07581962887759465
-28 0.13934418280206584
14 0.0020491791588539096
5 0.0020491791588539096
12 0.1065573162604033
10 0.12499992869008848
8 0.0840163455130103
-26 0.11475403289581894
7 0.022540970747393006
3 0.006147537476561729
8 0.10860649541925721
10 0.11680321205467284
7 0.09221306214842594
-38 0.10860649541925721
5 0.008196716635415638
2 0.0
7 0.1065573162604033
8 0.12090157037238067
5 0.1290982870077963
3 0.18237694513799796
-9 0.014344254111977367
-7 0.15573761607289713
-5 0.10860649541925721
-7 0.09836059962498767
-9 0.10860649541925721
7 0.010245895794269547
3 0.006147537476561729
-10 0.11475403289581894
-12 0.09631142046613375
-13 0.11270485373696502
7 0.03278686654166255
3 0.006147537476561729
-12 0.08196716635415638
3 0.014344254111977367
7 0.0
-10 0.12090157037238067
-9 0.11270485373696502
-10 0.09426224130727984
-12 0.07581962887759465
7 0.07581962887759465
3 0.004098358317707819
-14 0.016393433270831276
-16 0.13934418280206584
-17 0.12295074953123457
7 0.06967209140103292
3 0.012295074953123458
-16 0.061475374765617284
5 0.04098358317707819
3 0.004098358317707819
-14 0.09631142046613375
-12 0.13319664532550413
-14 0.07991798719530248
-16 0.12499992869008848
5 0.020491791588539095
3 0.006147537476561729
-19 0.11885239121352675
-17 0.11270485373696502
-16 0.08811470383071811
5 0.018442612429685187
3 0.004098358317707819
-14 0.08811470383071811
5 0.018442612429685187
2 0.012295074953123458
-15 0.12295074953123457
-14 0.08196716635415638
-15 0.10450813710154938
-14 0.11680321205467284
10 0.014344254111977367
2 0.0020491791588539096
-16 0.11270485373696502
-17 0.10860649541925721
-19 0.10245895794269548
10 0.012295074953123458
2 0.008196716635415638
-21 0.1065573162604033
3 0.004098358317707819
7 0.0
-19 0.11885239121352675
-17 0.12704910784894238
-19 0.11270485373696502
7 0.10040977878384157
-21 0.0020491791588539096
15 0.0020491791588539096
3 0.004098358317707819
-22 0.10450813710154938
-24 0.1065573162604033
-25 0.11885239121352675
7 0.03278686654166255
3 0.0020491791588539096
15 0.0020491791588539096
-24 0.09426224130727984
15 0.0
3 0.0020491791588539096
7 0.006147537476561729
-22 0.10245895794269548
-21 0.13729500364321193
-22 0.10245895794269548
-24 0.09016388298957202
7 0.03278686654166255
15 0.0020491791588539096
3 0.0
-26 0.07581962887759465
-28 0.11680321205467284
-29 0.13319664532550413
15 0.004098358317707819
7 0.0
3 0.006147537476561729
12 0.10245895794269548
15 0.0
5 0.004098358317707819
-28 0.010245895794269547
-26 0.12090157037238067
-24 0.11065567457811111
-26 0.10040977878384157
-28 0.11885239121352675
12 0.024590149906246916
5 0.0020491791588539096
15 0.0020491791588539096
-29 0.07377044971874075
-31 0.06967209140103292
-29 0.13729500364321193
15 0.07786880803644856
-28 0.0020491791588539096
5 0.006147537476561729
12 0.020491791588539095
-26 0.0655737330833251
5 0.024590149906246916
14 0.0020491791588539096
10 0.004098358317707819
-27 0.1065573162604033
-26 0.11065567457811111
-27 0.09221306214842594
-26 0.13524582448435804
14 0.020491791588539095
5 0.008196716635415638
10 0.0020491791588539096
-28 0.08811470383071811
-29 0.12295074953123457
-31 0.09631142046613375
14 0.05942619560676338
5 0.0020491791588539096
10 0.004098358317707819
3 0.07786880803644856
-33 0.0
10 0.0020491791588539096
15 0.0020491791588539096
7 0.0020491791588539096
-33 0.45901613158327575
3 0.024590149906246916
7 0.010245895794269547
10 0.008196716635415638
-21 0.0020491791588539096
-2 0.48360628148952267
3 0.014344254111977367
-33 0.006147537476561729
7 0.0020491791588539096
-21 0.006147537476561729
9 1.1045075666222572
-2 0.036885224859370375
-9 0.004098358317707819
-5 0.0020491791588539096
10 0.03483604570051646
-2 0.33196702373433334
-5 0.0020491791588539096
-9 0.0020491791588539096
-2 0.23360642410934568
-5 0.008196716635415638
-9 0.004098358317707819
10 0.004098358317707819
-2 0.2356556032681996
-5 0.016393433270831276
-9 0.0020491791588539096
10 0.08606552467186421
10 0.1065573162604033
-2 0.03278686654166255
-5 0.006147537476561729
-9 0.004098358317707819
-9 0.2151638116796605
-2 0.006147537476561729
-5 0.012295074953123458
7 0.2131146325208066
-2 0.008196716635415638
-9 0.012295074953123458
-5 0.006147537476561729
-9 0.18442612429685187
-2 0.0020491791588539096
-5 0.004098358317707819
3 0.12499992869008848
3 0.09221306214842594
-2 0.03278686654166255
-9 0.004098358317707819
-4 0.004098358317707819
-7 0.006147537476561729
2 0.22540970747393005
-2 0.008196716635415638
-4 0.008196716635415638
-7 0.0020491791588539096
-9 0.0020491791588539096
2 0.20491791588539096
-2 0.008196716635415638
-4 0.008196716635415638
-7 0.012295074953123458
-9 0.016393433270831276
-2 0.17827858682029013
-4 0.004098358317707819
-7 0.010245895794269547
-9 0.018442612429685187
-2 0.20901627420309876
-7 0.0020491791588539096
-4 0.004098358317707819
-9 0.014344254111977367
-2 0.19467202009112142
-7 0.014344254111977367
-4 0.0
-9 0.016393433270831276
8 0.20491791588539096
-2 0.012295074953123458
-7 0.006147537476561729
-4 0.0020491791588539096
-9 0.012295074953123458
-2 0.20696709504424488
-7 0.004098358317707819
-4 0.0
-9 0.026639329065100824
5 0.09016388298957202
10 0.10450813710154938
-2 0.024590149906246916
-5 0.010245895794269547
-9 0.010245895794269547
-2 0.2151638116796605
-9 0.010245895794269547
-5 0.0020491791588539096
10 0.22540970747393005
-5 0.010245895794269547
-2 0.0020491791588539096
-9 0.014344254111977367
-5 0.20696709504424488
-2 0.004098358317707819
-9 0.004098358317707819
10 0.10245895794269548
10 0.09221306214842594
-2 0.043032762335932104
-5 0.0
-9 0.006147537476561729
-2 0.2151638116796605
12 0.004098358317707819
-5 0.0020491791588539096
-9 0.006147537476561729
10 0.07581962887759465
8 0.11885239121352675
-2 0.010245895794269547
-5 0.006147537476561729
7 0.09016388298957202
-9 0.08811470383071811
-5 0.0020491791588539096
-2 0.008196716635415638
5 0.004098358317707819
3 0.09016388298957202
3 0.12499992869008848
-2 0.010245895794269547
-5 0.006147537476561729
-8 0.0
1 0.24385231990361525
-8 0.004098358317707819
-2 0.006147537476561729
-5 0.020491791588539095
1 0.18852448261455967
-8 0.0020491791588539096
-2 0.0
-5 0.012295074953123458
-8 0.20696709504424488
-2 0.004098358317707819
-5 0.016393433270831276
-2 0.22336052831507613
-8 0.0020491791588539096
-5 0.006147537476561729
-2 0.23975396158590742
-8 0.0020491791588539096
4 0.0
-5 0.016393433270831276
7 0.24590149906246914
-8 0.012295074953123458
-2 0.0020491791588539096
-5 0.014344254111977367
10 0.18647530345570576
-2 0.014344254111977367
-5 0.014344254111977367
-9 0.20491791588539096
13 0.014344254111977367
-2 0.0
-5 0.004098358317707819
10 0.26024575317444654
-5 0.020491791588539095
-9 0.0
-2 0.008196716635415638
7 0.18442612429685187
-2 0.014344254111977367
-5 0.006147537476561729
-9 0.004098358317707819
-9 0.16598351186716667
-2 0.024590149906246916
3 0.004098358317707819
-5 0.018442612429685187
-8 0.18237694513799796
-2 0.012295074953123458
1 0.010245895794269547
-5 0.004098358317707819
4 0.20696709504424488
-2 0.028688508223954735
-8 0.0020491791588539096
-5 0.008196716635415638
-8 0.18647530345570576
7 0.0020491791588539096
-2 0.006147537476561729
-5 0.012295074953123458
-8 0.19877037840882922
10 0.0020491791588539096
-2 0.024590149906246916
-5 0.004098358317707819
-5 0.22131134915622222
-2 0.0
13 0.006147537476561729
-9 0.0020491791588539096
-2 0.2520490365390309
-9 0.0020491791588539096
10 0.004098358317707819
-5 0.006147537476561729
-2 0.2131146325208066
7 0.006147537476561729
-9 0.004098358317707819
-5 0.0020491791588539096
-9 0.18032776597914404
-2 0.016393433270831276
3 0.0
-5 0.006147537476561729
1 0.2131146325208066
-8 0.008196716635415638
-2 0.008196716635415638
-5 0.016393433270831276
4 0.19672119924997533
-8 0.020491791588539095
-2 0.006147537476561729
-5 0.004098358317707819
7 0.20696709504424488
-8 0.006147537476561729
-2 0.0
-5 0.006147537476561729
10 0.18237694513799796
-8 0.008196716635415638
-2 0.014344254111977367
-5 0.006147537476561729
-9 0.19672119924997533
-2 0.004098358317707819
-5 0.006147537476561729
13 0.008196716635415638
10 0.11475403289581894
7 0.11680321205467284
3 0.09631142046613375
10 0.10245895794269548
7 0.07786880803644856
3 0.11065567457811111
1 0.10860649541925721
7 0.12499992869008848
3 0.10245895794269548
1 0.10860649541925721
-2 0.09836059962498767
3 0.11065567457811111
1 0.10040977878384157
-2 0.12295074953123457
-5 0.09426224130727984
-33 0.1065573162604033
-26 0.0
-23 0.0
-29 0.008196716635415638
1 0.014344254111977367
-2 0.10245895794269548
-5 0.11065567457811111
-9 0.10450813710154938
-2 0.11475403289581894
-5 0.08606552467186421
-9 0.11270485373696502
-10 0.11885239121352675
-11 0.09426224130727984
-2 0.12090157037238067
-3 0.10860649541925721
-2 0.11270485373696502
0 0.14344254111977367
-2 0.11065567457811111
-3 0.1516392577551893
-5 0.11885239121352675
-34 0.18647530345570576
2 0.0020491791588539096
-6 0.008196716635415638
-22 0.18032776597914404
-23 0.1311474661666502
-22 0.09016388298957202
2 0.12704910784894238
-6 0.006147537476561729
-23 0.004098358317707819
-22 0.09426224130727984
-23 0.11270485373696502
-22 0.12090157037238067
2 0.018442612429685187
-6 0.008196716635415638
2 0.09631142046613375
-6 0.006147537476561729
-34 0.004098358317707819
-22 0.10860649541925721
-23 0.13729500364321193
-22 0.11270485373696502
2 0.11270485373696502
-6 0.006147537476561729
-23 0.0020491791588539096
-22 0.08811470383071811
-23 0.11680321205467284
-22 0.10860649541925721
3 0.14549172027862758
-34 0.0020491791588539096
-5 0.008196716635415638
-22 0.08811470383071811
-23 0.1536884369140432
-22 0.11065567457811111
2 0.043032762335932104
-23 0.07581962887759465
0 0.010245895794269547
-22 0.0840163455130103
-23 0.10245895794269548
-22 0.10040977878384157
-1 0.05122947897134774
-34 0.08811470383071811
0 0.012295074953123458
-3 0.004098358317707819
-22 0.0655737330833251
-23 0.15573761607289713
-22 0.11065567457811111
6 0.04508194149478601
-23 0.07991798719530248
7 0.022540970747393006
-22 0.06762291224217902
-23 0.10860649541925721
-22 0.10450813710154938
3 0.06352455392447119
-34 0.09016388298957202
2 0.008196716635415638
-6 0.006147537476561729
-22 0.09631142046613375
-23 0.1680326910260206
-22 0.10040977878384157
0 0.006147537476561729
-2 0.08811470383071811
-23 0.010245895794269547
-22 0.09426224130727984
-23 0.10860649541925721
-22 0.10245895794269548
-3 0.020491791588539095
-2 0.10860649541925721
-34 0.008196716635415638
-5 0.010245895794269547
-22 0.07581962887759465
-23 0.13934418280206584
-22 0.09836059962498767
6 0.061475374765617284
-23 0.04918029981249383
7 0.04508194149478601
-22 0.05327865813020165
-23 0.10450813710154938
-22 0.1065573162604033
2 0.08196716635415638
0 0.09221306214842594
-34 0.004098358317707819
-8 0.0020491791588539096
-22 0.11475403289581894
-23 0.14549172027862758
-2 0.09631142046613375
-22 0.014344254111977367
-3 0.08811470383071811
-23 0.016393433270831276
-22 0.09426224130727984
-23 0.09836059962498767
-22 0.11065567457811111
-5 0.0020491791588539096
-3 0.12499992869008848
-6 0.008196716635415638
-34 0.004098358317707819
-22 0.08606552467186421
-23 0.1536884369140432
-22 0.09631142046613375
2 0.03278686654166255
-23 0.08196716635415638
3 0.020491791588539095
-22 0.09016388298957202
-23 0.1311474661666502
-22 0.1475408994374815
0 0.008196716635415638
-1 0.1290982870077963
-5 0.012295074953123458
-29 0.010245895794269547
-17 0.19672119924997533
-18 0.10450813710154938
-17 0.11475403289581894
7 0.11885239121352675
-18 0.018442612429685187
-1 0.008196716635415638
-17 0.09426224130727984
-18 0.09631142046613375
-17 0.10450813710154938
7 0.006147537476561729
-1 0.014344254111977367
-1 0.1065573162604033
-29 0.0020491791588539096
-17 0.12295074953123457
-18 0.12295074953123457
-17 0.10450813710154938
-18 0.12499992869008848
7 0.022540970747393006
-1 0.008196716635415638
-17 0.04508194149478601
-18 0.13934418280206584
-17 0.09221306214842594
-29 0.1516392577551893
8 0.012295074953123458
0 0.004098358317707819
-17 0.10040977878384157
-18 0.15778679523175104
-17 0.09836059962498767
7 0.024590149906246916
-18 0.10450813710154938
5 0.008196716635415638
-17 0.09016388298957202
-18 0.09631142046613375
-17 0.1065573162604033
4 0.020491791588539095
-29 0.10040977878384157
5 0.010245895794269547
2 0.014344254111977367
-17 0.09016388298957202
-18 0.13319664532550413
11 0.09426224130727984
-17 0.010245895794269547
12 0.10040977878384157
-18 0.024590149906246916
-17 0.10860649541925721
-18 0.10245895794269548
8 0.09016388298957202
-17 0.014344254111977367
7 0.11680321205467284
-1 0.006147537476561729
-29 0.010245895794269547
-17 0.11680321205467284
-18 0.16598351186716667
5 0.10245895794269548
-17 0.008196716635415638
3 0.09016388298957202
-18 0.016393433270831276
-17 0.12295074953123457
-18 0.06967209140103292
-17 0.10450813710154938
2 0.010245895794269547
3 0.11475403289581894
-29 0.0020491791588539096
0 0.012295074953123458
-17 0.07786880803644856
-18 0.13934418280206584
-17 0.09426224130727984
11 0.026639329065100824
12 0.10040977878384157
-18 0.004098358317707819
-17 0.10245895794269548
-18 0.07786880803644856
-17 0.11065567457811111
7 0.05737701644790947
-3 0.09631142046613375
5 0.006147537476561729
-29 0.0020491791588539096
-17 0.11475403289581894
-18 0.1475408994374815
-17 0.09631142046613375
3 0.0
-18 0.1065573162604033
2 0.0020491791588539096
-17 0.09016388298957202
-18 0.12704910784894238
-17 0.10245895794269548
0 0.012295074953123458
-29 0.11065567457811111
2 0.010245895794269547
-1 0.006147537476561729
-17 0.11885239121352675
-18 0.1065573162604033
-17 0.09221306214842594
7 0.018442612429685187
8 0.09221306214842594
-18 0.010245895794269547
-17 0.09631142046613375
-18 0.10245895794269548
-17 0.10245895794269548
5 0.04508194149478601
-24 0.18237694513799796
4 0.008196716635415638
0 0.0
-12 0.1741802285025823
-13 0.12090157037238067
-12 0.08196716635415638
-13 0.09631142046613375
12 0.028688508223954735
4 0.004098358317707819
-12 0.04713112065363992
-13 0.1290982870077963
-12 0.1311474661666502
12 0.061475374765617284
4 0.004098358317707819
12 0.08811470383071811
4 0.008196716635415638
-24 0.008196716635415638
-12 0.14959007859633539
-13 0.12090157037238067
-12 0.08606552467186421
12 0.10860649541925721
4 0.006147537476561729
-13 0.0
-12 0.07786880803644856
-13 0.11270485373696502
-12 0.09836059962498767
13 0.15778679523175104
-24 0.0020491791588539096
5 0.004098358317707819
-12 0.1311474661666502
-13 0.13729500364321193
-12 0.09426224130727984
12 0.006147537476561729
10 0.1065573162604033
-13 0.0020491791588539096
-12 0.07581962887759465
-13 0.1065573162604033
-12 0.10245895794269548
9 0.043032762335932104
-24 0.10860649541925721
10 0.0020491791588539096
7 0.006147537476561729
-12 0.12295074953123457
-13 0.12704910784894238
-12 0.08811470383071811
16 0.028688508223954735
-13 0.08196716635415638
17 0.018442612429685187
-12 0.07172127055988683
-13 0.11270485373696502
-12 0.10245895794269548
13 0.06967209140103292
-24 0.09631142046613375
12 0.008196716635415638
4 0.014344254111977367
-12 0.11270485373696502
-13 0.14959007859633539
-12 0.07991798719530248
10 0.016393433270831276
-13 0.09426224130727984
8 0.020491791588539095
-12 0.05737701644790947
-13 0.10450813710154938
-12 0.09426224130727984
7 0.07172127055988683
-24 0.10245895794269548
5 0.020491791588539095
8 0.0
7 0.026639329065100824
-12 0.09221306214842594
-13 0.11475403289581894
-12 0.08196716635415638
16 0.04508194149478601
-13 0.07991798719530248
17 0.0
-12 0.08196716635415638
-13 0.10040977878384157
-12 0.09221306214842594
12 0.07581962887759465
-24 0.10860649541925721
10 0.006147537476561729
2 0.004098358317707819
12 0.018442612429685187
-12 0.1290982870077963
-13 0.13524582448435804
8 0.06762291224217902
-12 0.020491791588539095
7 0.09426224130727984
-13 0.008196716635415638
-12 0.0840163455130103
-13 0.10245895794269548
-12 0.11885239121352675
5 0.010245895794269547
7 0.1290982870077963
-24 0.006147537476561729
4 0.004098358317707819
-12 0.11885239121352675
-13 0.13319664532550413
-12 0.10040977878384157
12 0.010245895794269547
13 0.08811470383071811
-13 0.010245895794269547
-12 0.11885239121352675
-13 0.06762291224217902
-12 0.12295074953123457
10 0.04508194149478601
-19 0.10040977878384157
5 0.0020491791588539096
8 0.0
-16 0.0840163455130103
-12 0.12704910784894238
-7 0.11885239121352675
-4 0.11680321205467284
-5 0.10860649541925721
-7 0.11680321205467284
5 0.11680321205467284
8 0.004098358317707819
-9 0.0
-10 0.10040977878384157
8 0.020491791588539095
17 0.0
-9 0.10450813710154938
-7 0.13524582448435804
-9 0.09016388298957202
-10 0.08606552467186421
8 0.03278686654166255
5 0.008196716635415638
10 0.08606552467186421
-14 0.008196716635415638
8 0.07172127055988683
-12 0.030737687382808642
7 0.061475374765617284
-10 0.04918029981249383
8 0.018442612429685187
7 0.10860649541925721
8 0.0020491791588539096
3 0.006147537476561729
-9 0.004098358317707819
-10 0.12499992869008848
-9 0.10450813710154938
-7 0.11885239121352675
-5 0.09631142046613375
-7 0.09836059962498767
-9 0.1065573162604033
-10 0.0840163455130103
3 0.030737687382808642
7 0.006147537476561729
7 0.09836059962498767
15 0.0
-12 0.0020491791588539096
-10 0.11065567457811111
-9 0.12499992869008848
-10 0.11680321205467284
-12 0.08606552467186421
7 0.022540970747393006
3 0.004098358317707819
8 0.08196716635415638
-16 0.020491791588539095
7 0.05942619560676338
-14 0.022540970747393006
5 0.05737701644790947
-12 0.05327865813020165
7 0.018442612429685187
-10 0.09426224130727984
5 0.008196716635415638
2 0.006147537476561729
-12 0.09426224130727984
-10 0.11885239121352675
-9 0.1516392577551893
-7 0.0840163455130103
-9 0.09836059962498767
-10 0.1065573162604033
-12 0.09631142046613375
2 0.05327865813020165
5 0.006147537476561729
-13 0.08811470383071811
14 0.022540970747393006
5 0.0
-12 0.07786880803644856
-10 0.13524582448435804
-12 0.1065573162604033
-13 0.1065573162604033
5 0.04098358317707819
2 0.0020491791588539096
-17 0.07581962887759465
7 0.008196716635415638
5 0.08811470383071811
-15 0.006147537476561729
3 0.07581962887759465
-13 0.028688508223954735
5 0.04918029981249383
3 0.0840163455130103
-12 0.0020491791588539096
0 0.09426224130727984
3 0.1065573162604033
7 0.11475403289581894
-5 0.14139336196091976
-14 0.004098358317707819
-26 0.008196716635415638
-2 0.10245895794269548
2 0.09836059962498767
7 0.11270485373696502
-5 0.13319664532550413
-15 0.008196716635415638
-27 0.006147537476561729
0 0.09631142046613375
3 0.12704910784894238
7 0.07377044971874075
-6 0.1700818701848745
-16 0.006147537476561729
-28 0.004098358317707819
0 0.11065567457811111
3 0.10450813710154938
6 0.14549172027862758
-29 0.20081955756768313
-17 0.008196716635415638
7 0.006147537476561729
-5 0.22745888663278396
-1 0.12499992869008848
2 0.09426224130727984
7 0.08196716635415638
-1 0.11475403289581894
2 0.09631142046613375
-17 0.07172127055988683
7 0.03893440401822428
-5 0.09836059962498767
11 0.004098358317707819
2 0.13729500364321193
7 0.1065573162604033
11 0.09836059962498767
-13 0.07991798719530248
14 0.010245895794269547
11 0.08196716635415638
-12 0.0020491791588539096
-13 0.06967209140103292
7 0.03483604570051646
-15 0.061475374765617284
5 0.055327837289055555
-13 0.022540970747393006
-12 0.11065567457811111
3 0.020491791588539095
0 0.12295074953123457
3 0.09426224130727984
7 0.09631142046613375
12 0.12090157037238067
3 0.11680321205467284
7 0.11270485373696502
-24 0.06762291224217902
12 0.026639329065100824
-12 0.11475403289581894
15 0.006147537476561729
12 0.10450813710154938
7 0.1065573162604033
3 0.11475403289581894
12 0.11475403289581894
-18 0.008196716635415638
9 0.0655737330833251
-17 0.028688508223954735
-18 0.07377044971874075
3 0.010245895794269547
-20 0.08196716635415638
0 0.016393433270831276
-18 0.055327837289055555
-1 0.07581962887759465
-17 0.014344254111977367
-5 0.13524582448435804
-1 0.11270485373696502
2 0.09836059962498767
7 0.11475403289581894
-1 0.12295074953123457
2 0.09631142046613375
-17 0.061475374765617284
7 0.043032762335932104
11 0.09221306214842594
-5 0.004098358317707819
2 0.11065567457811111
7 0.1290982870077963
11 0.11065567457811111
-13 0.08606552467186421
14 0.008196716635415638
-12 0.08606552467186421
11 0.006147537476561729
-13 0.08811470383071811
7 0.028688508223954735
-15 0.06762291224217902
5 0.04098358317707819
-13 0.036885224859370375
-12 0.08196716635415638
3 0.010245895794269547
0 0.11475403289581894
3 0.10040977878384157
7 0.10245895794269548
12 0.11885239121352675
3 0.12090157037238067
7 0.11680321205467284
-24 0.043032762335932104
12 0.04918029981249383
-12 0.10450813710154938
15 0.004098358317707819
12 0.10040977878384157
7 0.12090157037238067
3 0.11065567457811111
-18 0.10040977878384157
12 0.010245895794269547
9 0.07581962887759465
-17 0.022540970747393006
-18 0.09836059962498767
3 0.0
-20 0.09016388298957202
0 0.016393433270831276
-18 0.07172127055988683
-17 0.0655737330833251
-1 0.0020491791588539096
2 0.10245895794269548
7 0.1311474661666502
-1 0.10245895794269548
0 0.14549172027862758
-16 0.006147537476561729
-28 0.010245895794269547
2 0.07581962887759465
6 0.15573761607289713
0 0.10450813710154938
-17 0.10860649541925721
-1 0.004098358317707819
-29 0.006147537476561729
2 0.09836059962498767
7 0.12090157037238067
-1 0.10245895794269548
-16 0.13319664532550413
0 0.0020491791588539096
-28 0.008196716635415638
2 0.11885239121352675
3 0.006147537476561729
6 0.12499992869008848
0 0.09426224130727984
-17 0.1290982870077963
2 0.004098358317707819
-1 0.0
-29 0.0020491791588539096
7 0.016393433270831276
-5 0.3790981443879733
-6 0.14139336196091976
-5 0.12499992869008848
-4 0.11680321205467284
-3 0.0840163455130103
-2 0.10860649541925721
-1 0.09221306214842594
0 0.12295074953123457
1 0.09836059962498767
2 0.10245895794269548
3 0.1065573162604033
4 0.09426224130727984
5 0.11065567457811111
6 0.09016388298957202
6 0.18442612429685187
-5 0.03278686654166255
-9 0.004098358317707819
-12 0.006147537476561729
7 0.014344254111977367
-5 0.3483604570051646
-9 0.006147537476561729
-12 0.006147537476561729
-12 0.24590149906246914
-9 0.0020491791588539096
-5 0.008196716635415638
7 0.008196716635415638
-12 0.22336052831507613
-5 0.0020491791588539096
-9 0.0
7 0.1065573162604033
7 0.09631142046613375
-9 0.043032762335932104
-12 0.0
-5 0.004098358317707819
-12 0.21926216999736833
-5 0.004098358317707819
-9 0.0020491791588539096
3 0.21926216999736833
-12 0.016393433270831276
-5 0.006147537476561729
-9 0.0
-12 0.18852448261455967
-9 0.010245895794269547
-5 0.014344254111977367
0 0.09221306214842594
0 0.1065573162604033
-12 0.022540970747393006
-5 0.010245895794269547
-7 0.0
-10 0.004098358317707819
-12 0.20901627420309876
-7 0.0020491791588539096
-5 0.004098358317707819
-10 0.0
-1 0.018442612429685187
-10 0.2356556032681996
-7 0.0020491791588539096
-5 0.0
-12 0.0020491791588539096
-1 0.008196716635415638
-5 0.1926228409322675
-10 0.0020491791588539096
-12 0.0020491791588539096
-7 0.0
-12 0.22131134915622222
-5 0.0020491791588539096
-10 0.0020491791588539096
-7 0.006147537476561729
-12 0.20696709504424488
-10 0.0
-5 0.008196716635415638
-7 0.0020491791588539096
-10 0.24999985738017697
-5 0.006147537476561729
-7 0.0020491791588539096
5 0.0
-12 0.0020491791588539096
-10 0.2131146325208066
-7 0.008196716635415638
-5 0.0020491791588539096
-12 0.010245895794269547
2 0.11270485373696502
7 0.10040977878384157
-12 0.030737687382808642
-9 0.006147537476561729
-5 0.004098358317707819
-12 0.21721299083851442
-9 0.0020491791588539096
-5 0.004098358317707819
7 0.22950806579163788
-12 0.0
-9 0.0
-5 0.008196716635415638
-9 0.21926216999736833
-12 0.0020491791588539096
-5 0.006147537476561729
7 0.1065573162604033
7 0.09631142046613375
-12 0.03483604570051646
-9 0.0
-5 0.004098358317707819
-9 0.21721299083851442
-12 0.0
8 0.0020491791588539096
-5 0.004098358317707819
7 0.07786880803644856
5 0.10860649541925721
-9 0.018442612429685187
-12 0.0
-5 0.006147537476561729
3 0.09426224130727984
2 0.08811470383071811
-9 0.014344254111977367
-12 0.0020491791588539096
-5 0.004098358317707819
0 0.08606552467186421
0 0.11680321205467284
-7 0.014344254111977367
-5 0.004098358317707819
-10 0.006147537476561729
-12 0.0
-1 0.22131134915622222
-10 0.008196716635415638
-7 0.0
-5 0.006147537476561729
-12 0.006147537476561729
-1 0.20696709504424488
-10 0.010245895794269547
-7 0.004098358317707819
-5 0.004098358317707819
-12 0.0020491791588539096
-10 0.20901627420309876
-7 0.014344254111977367
-5 0.0
-12 0.006147537476561729
-10 0.22131134915622222
-5 0.006147537476561729
-12 0.004098358317707819
-7 0.0020491791588539096
-10 0.20696709504424488
-7 0.006147537476561729
-5 0.0
-12 0.006147537476561729
5 0.2377047824270535
-10 0.006147537476561729
-5 0.0020491791588539096
-7 0.004098358317707819
-12 0.012295074953123458
-7 0.19877037840882922
-10 0.0020491791588539096
-5 0.008196716635415638
-12 0.004098358317707819
2 0.08196716635415638
7 0.12295074953123457
3 0.006147537476561729
-9 0.004098358317707819
-5 0.004098358317707819
-12 0.0
-12 0.24999985738017697
3 0.10860649541925721
0 0.008196716635415638
-17 0.09426224130727984
3 0.010245895794269547
7 0.012295074953123458
-21 0.19672119924997533
-24 0.26024575317444654
3 0.23975396158590742
0 0.012295074953123458
2 0.22540970747393005
5 0.004098358317707819
7 0.21721299083851442
3 0.004098358317707819
7 0.29098344055725517
4 0.006147537476561729
5 0.4918029981249383
8 0.006147537476561729
-16 0.012295074953123458
-12 0.0020491791588539096
-9 0.004098358317707819
-7 0.0020491791588539096
-10 0.4446718774712984
-7 0.006147537476561729
-14 0.010245895794269547
2 0.2151638116796605
-2 0.010245895794269547
3 0.21926216999736833
0 0.0020491791588539096
5 0.2151638116796605
2 0.004098358317707819
6 0.2704916489687161
2 0.010245895794269547
3 0.4774587440129609
7 0.0
-17 0.010245895794269547
-10 0.0020491791588539096
-9 0.006147537476561729
-14 0.004098358317707819
-9 0.48360628148952267
-16 0.006147537476561729
-12 0.004098358317707819
0 0.2131146325208066
-4 0.024590149906246916
-1 0.2151638116796605
2 0.012295074953123458
0 0.1926228409322675
3 0.006147537476561729
3 0.2561473948567387
2 0.36885224859370375
8 0.11065567457811111
-10 0.028688508223954735
-16 0.006147537476561729
-19 0.004098358317707819
5 0.3483604570051646
-12 0.10245895794269548
3 0.006147537476561729
-17 0.004098358317707819
-9 0.010245895794269547
7 0.3790981443879733
-10 0.09836059962498767
-13 0.006147537476561729
5 0.006147537476561729
-17 0.012295074953123458
2 0.41393419008848975
3 0.20081955756768313
-12 0.012295074953123458
-24 0.004098358317707819
12 0.16188515354945884
3 0.12704910784894238
12 0.12295074953123457
3 0.11475403289581894
-12 0.006147537476561729
12 0.11475403289581894
3 0.13729500364321193
12 0.11270485373696502
-12 0.006147537476561729
3 0.09631142046613375
-12 0.014344254111977367
12 0.09426224130727984
3 0.10450813710154938
12 0.09631142046613375
3 0.1065573162604033
-16 0.03278686654166255
12 0.08196716635415638
3 0.11885239121352675
-18 0.1290982870077963
12 0.0
-16 0.10245895794269548
2 0.016393433270831276
12 0.10860649541925721
2 0.10450813710154938
-17 0.024590149906246916
12 0.08811470383071811
2 0.10245895794269548
-17 0.030737687382808642
12 0.08811470383071811
2 0.09836059962498767
12 0.11885239121352675
2 0.11270485373696502
10 0.1311474661666502
2 0.09426224130727984
10 0.11065567457811111
1 0.11270485373696502
-14 0.0
10 0.12295074953123457
1 0.12090157037238067
-17 0.08606552467186421
10 0.028688508223954735
-16 0.07581962887759465
0 0.028688508223954735
10 0.1065573162604033
0 0.1065573162604033
10 0.11065567457811111
0 0.10450813710154938
-16 0.018442612429685187
10 0.09016388298957202
0 0.1475408994374815
-16 0.09631142046613375
10 0.012295074953123458
-16 0.09836059962498767
0 0.0020491791588539096
8 0.10245895794269548
0 0.12090157037238067
-14 0.05942619560676338
8 0.05942619560676338
-16 0.020491791588539095
0 0.05942619560676338
-17 0.04918029981249383
8 0.06967209140103292
-19 0.030737687382808642
0 0.055327837289055555
-21 0.06352455392447119
8 0.05737701644790947
-22 0.024590149906246916
-2 0.09426224130727984
-19 0.008196716635415638
8 0.11680321205467284
-2 0.09836059962498767
-21 0.014344254111977367
8 0.09426224130727984
-2 0.1065573162604033
-21 0.022540970747393006
8 0.10450813710154938
-2 0.09426224130727984
8 0.12090157037238067
-2 0.09836059962498767
7 0.11885239121352675
-2 0.09836059962498767
7 0.1290982870077963
-14 0.026639329065100824
-2 0.05737701644790947
-17 0.014344254111977367
7 0.1290982870077963
-2 0.11885239121352675
-20 0.07172127055988683
7 0.012295074953123458
-17 0.07786880803644856
-4 0.03278686654166255
7 0.11065567457811111
-19 0.09631142046613375
-4 0.014344254111977367
7 0.1065573162604033
-19 0.08606552467186421
-4 0.004098358317707819
7 0.12704910784894238
-4 0.08811470383071811
-19 0.008196716635415638
7 0.11680321205467284
-4 0.11680321205467284
-19 0.016393433270831276
5 0.12499992869008848
-17 0.07581962887759465
-4 0.03483604570051646
-19 0.04098358317707819
5 0.04713112065363992
-21 0.07172127055988683
-4 0.036885224859370375
-22 0.07172127055988683
5 0.028688508223954735
-24 0.07581962887759465
-4 0.03483604570051646
-25 0.09631142046613375
5 0.010245895794269547
-5 0.11270485373696502
-22 0.014344254111977367
5 0.10040977878384157
-5 0.09631142046613375
-24 0.0
5 0.11270485373696502
-5 0.10040977878384157
-24 0.004098358317707819
3 0.12090157037238067
-5 0.10040977878384157
-24 0.010245895794269547
3 0.11475403289581894
-24 0.10450813710154938
-5 0.0
2 0.13319664532550413
-26 0.09631142046613375
-5 0.008196716635415638
2 0.10245895794269548
-26 0.1065573162604033
-5 0.018442612429685187
2 0.0020491791588539096
7 0.1065573162604033
2 0.11885239121352675
-5 0.010245895794269547
-14 0.030737687382808642
7 0.06967209140103292
-15 0.19672119924997533
7 0.0020491791588539096
0 0.028688508223954735
6 0.24999985738017697
-16 0.19467202009112142
0 0.22540970747393005
5 0.008196716635415638
-17 0.22131134915622222
5 0.018442612429685187
0 0.010245895794269547
4 0.21721299083851442
-17 0.2151638116796605
3 0.21721299083851442
0 0.006147537476561729
-19 0.21926216999736833
0 0.008196716635415638
1 0.0020491791588539096
2 0.22131134915622222
-17 0.22745888663278396
4 0.22950806579163788
0 0.012295074953123458
-16 0.2356556032681996
5 0.20081955756768313
0 0.012295074953123458
-20 0.1905736617734136
7 0.22745888663278396
0 0.012295074953123458
-19 0.21721299083851442
10 0.020491791588539095
0 0.004098358317707819
8 0.2971309780338169
-17 0.20286873672653705
7 0.22131134915622222
-16 0.21721299083851442
5 0.010245895794269547
3 0.21721299083851442
-3 0.22745888663278396
2 0.0020491791588539096
-18 0.004098358317707819
0 0.21106545336195268
-1 0.29918015719267077
-17 0.018442612429685187
2 0.0020491791588539096
7 0.016393433270831276
-10 0.20081955756768313
-13 0.13319664532550413
-10 0.0655737330833251
7 0.12499992869008848
-17 0.014344254111977367
-10 0.06967209140103292
-13 0.11885239121352675
-10 0.09016388298957202
7 0.07581962887759465
-17 0.10450813710154938
7 0.004098358317707819
-9 0.13524582448435804
-12 0.11475403289581894
-9 0.07991798719530248
7 0.12295074953123457
-17 0.0
-7 0.11885239121352675
-10 0.10245895794269548
-7 0.08811470383071811
-17 0.14139336196091976
12 0.006147537476561729
0 0.0
-9 0.1516392577551893
-12 0.11680321205467284
-9 0.07786880803644856
-17 0.12090157037238067
-9 0.08196716635415638
-12 0.14344254111977367
10 0.004098358317707819
-9 0.07172127055988683
8 0.022540970747393006
-17 0.09426224130727984
7 0.006147537476561729
-9 0.06967209140103292
-12 0.14549172027862758
-9 0.09221306214842594
-17 0.1290982870077963
6 0.03483604570051646
-9 0.055327837289055555
-12 0.14959007859633539
-9 0.07172127055988683
-1 0.12090157037238067
-17 0.06352455392447119
2 0.0
7 0.04508194149478601
-10 0.10860649541925721
-13 0.13319664532550413
-10 0.07786880803644856
-17 0.11065567457811111
7 0.016393433270831276
-10 0.07581962887759465
-13 0.11065567457811111
-10 0.09426224130727984
7 0.03483604570051646
7 0.09221306214842594
-17 0.004098358317707819
-9 0.09631142046613375
-12 0.14139336196091976
-9 0.06762291224217902
7 0.10860649541925721
-17 0.012295074953123458
-7 0.10450813710154938
-10 0.12704910784894238
-7 0.08606552467186421
-17 0.14549172027862758
12 0.010245895794269547
0 0.006147537476561729
-9 0.12090157037238067
-12 0.12295074953123457
-9 0.07991798719530248
-17 0.12090157037238067
-9 0.09836059962498767
-12 0.1516392577551893
10 0.0020491791588539096
8 0.07581962887759465
-9 0.0020491791588539096
7 0.09836059962498767
-17 0.018442612429685187
-9 0.08811470383071811
-12 0.14959007859633539
-9 0.08196716635415638
-17 0.10245895794269548
6 0.024590149906246916
-9 0.07581962887759465
-12 0.12295074953123457
-9 0.07991798719530248
7 0.13319664532550413
-10 0.010245895794269547
-17 0.0020491791588539096
-13 0.010245895794269547
2 0.1065573162604033
-1 0.1065573162604033
2 0.10040977878384157
7 0.12704910784894238
3 0.10450813710154938
0 0.1065573162604033
-12 0.0020491791588539096
-24 0.006147537476561729
3 0.1065573162604033
7 0.11680321205467284
-17 0.006147537476561729
-29 0.004098358317707819
2 0.12090157037238067
-1 0.10450813710154938
2 0.10245895794269548
7 0.1311474661666502
3 0.12295074953123457
-12 0.0655737330833251
-24 0.006147537476561729
0 0.028688508223954735
3 0.10245895794269548
7 0.12499992869008848
-17 0.004098358317707819
-29 0.004098358317707819
2 0.09836059962498767
-1 0.12295074953123457
2 0.10040977878384157
7 0.12295074953123457
3 0.11885239121352675
0 0.09836059962498767
-12 0.006147537476561729
-24 0.008196716635415638
3 0.06762291224217902
-17 0.14139336196091976
2 0.0
-29 0.0020491791588539096
-1 0.008196716635415638
7 0.10040977878384157
-12 0.10450813710154938
3 0.004098358317707819
-24 0.0020491791588539096
0 0.012295074953123458
7 0.09016388298957202
2 0.11680321205467284
-17 0.0
-29 0.006147537476561729
-1 0.0020491791588539096
7 0.11065567457811111
-12 0.10450813710154938
3 0.0020491791588539096
-24 0.004098358317707819
0 0.0
7 0.10450813710154938
2 0.10245895794269548
-17 0.010245895794269547
-1 0.0
-29 0.010245895794269547
-5 0.42213090672390535
-1 0.012295074953123458
2 0.014344254111977367
7 0.022540970747393006
-17 0.016393433270831276
-29 0.010245895794269547
-17 0.4733603856952531
-29 0.0
7 0.24999985738017697
9 0.27254082812756997
11 0.2377047824270535
12 0.26024575317444654
-5 0.0020491791588539096
-9 0.016393433270831276
14 0.1065573162604033
11 0.11680321205467284
-7 0.0020491791588539096
-4 0.026639329065100824
14 0.05737701644790947
12 0.10450813710154938
-5 0.043032762335932104
-9 0.0020491791588539096
14 0.06762291224217902
11 0.11885239121352675
-4 0.04508194149478601
-7 0.0
14 0.043032762335932104
12 0.13319664532550413
-9 0.012295074953123458
-5 0.018442612429685187
14 0.08606552467186421
10 0.1290982870077963
12 0.08811470383071811
8 0.11270485373696502
10 0.11680321205467284
7 0.0840163455130103
8 0.11680321205467284
5 0.10040977878384157
0 0.036885224859370375
-4 0.008196716635415638
7 0.06967209140103292
4 0.12499992869008848
-2 0.03483604570051646
1 0.0020491791588539096
7 0.05327865813020165
5 0.11680321205467284
0 0.030737687382808642
-4 0.03278686654166255
7 0.06352455392447119
4 0.10040977878384157
1 0.0020491791588539096
-2 0.010245895794269547
7 0.09221306214842594
0 0.12499992869008848
5 0.014344254111977367
-4 0.010245895794269547
7 0.10860649541925721
3 0.1311474661666502
5 0.09221306214842594
2 0.09426224130727984
3 0.11270485373696502
0 0.10450813710154938
2 0.09016388298957202
-7 0.13934418280206584
-17 0.004098358317707819
-10 0.008196716635415638
-1 0.0020491791588539096
2 0.09426224130727984
0 0.1311474661666502
-7 0.006147537476561729
-10 0.012295074953123458
-16 0.010245895794269547
2 0.06352455392447119
-1 0.1065573162604033
-7 0.014344254111977367
-17 0.004098358317707819
-10 0.0020491791588539096
2 0.05942619560676338
0 0.12499992869008848
-10 0.036885224859370375
-7 0.012295074953123458
-16 0.010245895794269547
2 0.05122947897134774
-7 0.12499992869008848
-1 0.004098358317707819
-10 0.016393433270831276
-17 0.012295074953123458
2 0.055327837289055555
-4 0.11270485373696502
2 0.09631142046613375
-5 0.11475403289581894
2 0.09426224130727984
-7 0.12090157037238067
2 0.09836059962498767
-9 0.11475403289581894
-12 0.05122947897134774
-24 0.014344254111977367
-5 0.0840163455130103
-6 0.13524582448435804
-5 0.10245895794269548
-4 0.11475403289581894
-5 0.10450813710154938
-1 0.11065567457811111
-5 0.08811470383071811
0 0.11270485373696502
-5 0.11475403289581894
2 0.11065567457811111
-5 0.10245895794269548
3 0.11065567457811111
-5 0.09836059962498767
5 0.11065567457811111
-5 0.10040977878384157
7 0.1536884369140432
0 0.010245895794269547
-9 0.012295074953123458
8 0.12090157037238067
0 0.08606552467186421
-9 0.022540970747393006
6 0.006147537476561729
8 0.07172127055988683
7 0.10860649541925721
0 0.022540970747393006
-9 0.016393433270831276
8 0.06967209140103292
0 0.12090157037238067
6 0.0020491791588539096
-9 0.018442612429685187
8 0.09221306214842594
0 0.11680321205467284
-9 0.012295074953123458
7 0.018442612429685187
12 0.14139336196091976
11 0.13524582448435804
12 0.1065573162604033
14 0.1065573162604033
12 0.12499992869008848
11 0.12295074953123457
12 0.07377044971874075
10 0.1516392577551893
-19 0.010245895794269547
8 0.1311474661666502
7 0.11885239121352675
8 0.10860649541925721
7 0.11680321205467284
-16 0.0020491791588539096
5 0.10860649541925721
4 0.10860649541925721
5 0.11475403289581894
3 0.10860649541925721
-11 0.004098358317707819
1 0.11065567457811111
0 0.11680321205467284
1 0.12499992869008848
-19 0.05942619560676338
0 0.055327837289055555
1 0.10245895794269548
3 0.11270485373696502
5 0.09836059962498767
-21 0.09631142046613375
8 0.004098358317707819
7 0.1290982870077963
6 0.09016388298957202
7 0.10860649541925721
-13 0.11475403289581894
5 0.0020491791588539096
3 0.10450813710154938
2 0.10040977878384157
3 0.11065567457811111
2 0.09426224130727984
-12 0.012295074953123458
0 0.12295074953123457
-1 0.11270485373696502
0 0.1065573162604033
-1 0.12090157037238067
-21 0.008196716635415638
0 0.11680321205467284
2 0.12090157037238067
3 0.11065567457811111
-22 0.043032762335932104
5 0.08196716635415638
8 0.06967209140103292
3 0.12295074953123457
8 0.09426224130727984
2 0.11680321205467284
-7 0.018442612429685187
-16 0.0020491791588539096
8 0.06967209140103292
0 0.13934418280206584
8 0.08811470383071811
-17 0.11475403289581894
-1 0.05122947897134774
2 0.12499992869008848
-4 0.10040977878384157
2 0.08606552467186421
-5 0.10860649541925721
-13 0.022540970747393006
-10 0.0020491791588539096
2 0.10450813710154938
-7 0.10860649541925721
2 0.11885239121352675
-12 0.11270485373696502
-9 0.030737687382808642
3 0.09836059962498767
2 0.1065573162604033
3 0.09631142046613375
5 0.1065573162604033
-17 0.026639329065100824
-24 0.012295074953123458
3 0.08811470383071811
2 0.10245895794269548
0 0.11065567457811111
-22 0.09836059962498767
-1 0.0020491791588539096
5 0.11475403289581894
4 0.11270485373696502
5 0.10450813710154938
7 0.1065573162604033
-13 0.014344254111977367
-19 0.010245895794269547
-17 0.006147537476561729
5 0.09836059962498767
3 0.11270485373696502
2 0.09426224130727984
0 0.11885239121352675
-12 0.022540970747393006
-21 0.0
-17 0.0020491791588539096
2 0.08811470383071811
3 0.11475403289581894
2 0.11270485373696502
3 0.09426224130727984
6 0.12499992869008848
7 0.09836059962498767
6 0.1311474661666502
7 0.11270485373696502
11 0.10245895794269548
12 0.10450813710154938
11 0.09631142046613375
12 0.12090157037238067
-12 0.014344254111977367
-17 0.0
-20 0.008196716635415638
10 0.10860649541925721
8 0.10860649541925721
7 0.10860649541925721
-19 0.13524582448435804
8 0.008196716635415638
-12 0.09631142046613375
10 0.010245895794269547
-16 0.11885239121352675
12 0.014344254111977367
-12 0.05942619560676338
8 0.04918029981249383
-19 0.07172127055988683
5 0.03278686654166255
-12 0.05122947897134774
7 0.04713112065363992
-16 0.07991798719530248
8 0.028688508223954735
-12 0.05327865813020165
5 0.05327865813020165
-19 0.09631142046613375
2 0.028688508223954735
-10 0.06352455392447119
3 0.043032762335932104
-16 0.09426224130727984
5 0.018442612429685187
-10 0.06967209140103292
2 0.012295074953123458
7 0.11065567457811111
-19 0.0020491791588539096
-10 0.09426224130727984
8 0.026639329065100824
-16 0.09631142046613375
5 0.016393433270831276
-10 0.07172127055988683
2 0.028688508223954735
-17 0.1065573162604033
6 0.004098358317707819
-9 0.09016388298957202
7 0.004098358317707819
8 0.09426224130727984
-12 0.030737687382808642
-9 0.08606552467186421
7 0.006147537476561729
5 0.1065573162604033
-17 0.022540970747393006
-9 0.0840163455130103
3 0.010245895794269547
2 0.10040977878384157
-12 0.020491791588539095
-9 0.07581962887759465
0 0.010245895794269547
-17 0.12704910784894238
2 0.004098358317707819
-7 0.09836059962498767
3 0.026639329065100824
2 0.08811470383071811
-13 0.022540970747393006
3 0.03893440401822428
-7 0.03483604570051646
2 0.03893440401822428
3 0.05327865813020165
-17 0.04508194149478601
2 0.024590149906246916
3 0.05942619560676338
-7 0.0
2 0.08811470383071811
-13 0.018442612429685187
0 0.07786880803644856
-7 0.04098358317707819
2 0.03893440401822428
-12 0.1741802285025823
-9 0.008196716635415638
12 0.1475408994374815
10 0.11680321205467284
8 0.09836059962498767
7 0.1065573162604033
8 0.1065573162604033
6 0.12499992869008848
8 0.08606552467186421
7 0.12704910784894238
8 0.1065573162604033
6 0.1290982870077963
8 0.11065567457811111
-1 0.08606552467186421
7 0.024590149906246916
8 0.08606552467186421
5 0.1311474661666502
-5 0.004098358317707819
7 0.10040977878384157
0 0.13319664532550413
3 0.006147537476561729
12 0.11270485373696502
10 0.13319664532550413
8 0.09631142046613375
7 0.11680321205467284
8 0.09836059962498767
6 0.1290982870077963
8 0.09631142046613375
7 0.10450813710154938
8 0.10450813710154938
6 0.13729500364321193
8 0.07581962887759465
7 0.13524582448435804
-1 0.010245895794269547
8 0.07786880803644856
-5 0.1536884369140432
5 0.006147537476561729
7 0.09221306214842594
0 0.1290982870077963
3 0.008196716635415638
5 0.1065573162604033
7 0.10245895794269548
5 0.10860649541925721
3 0.09836059962498767
2 0.12295074953123457
0 0.09631142046613375
-1 0.1065573162604033
0 0.1290982870077963
-17 0.004098358317707819
-12 0.0020491791588539096
-21 0.004098358317707819
2 0.09836059962498767
3 0.13524582448435804
2 0.11270485373696502
0 0.10860649541925721
-2 0.10860649541925721
-4 0.11270485373696502
-5 0.11680321205467284
-16 0.13729500364321193
-7 0.004098358317707819
-19 0.004098358317707819
-11 0.10860649541925721
-4 0.12499992869008848
-7 0.09426224130727984
1 0.11680321205467284
-4 0.11885239121352675
5 0.09426224130727984
1 0.1065573162604033
8 0.10040977878384157
-10 0.030737687382808642
-13 0.0020491791588539096
-16 0.004098358317707819
-19 0.004098358317707819
5 0.09016388298957202
11 0.11885239121352675
8 0.10040977878384157
14 0.11270485373696502
11 0.10860649541925721
17 0.1065573162604033
14 0.09426224130727984
19 0.13524582448435804
-12 0.010245895794269547
-17 0.006147537476561729
-21 0.0020491791588539096
15 0.11065567457811111
12 0.10450813710154938
7 0.11065567457811111
10 0.14139336196091976
-12 0.004098358317707819
-19 0.010245895794269547
8 0.11475403289581894
7 0.10245895794269548
5 0.07786880803644856
-17 0.11475403289581894
3 0.022540970747393006
-13 0.45286859410671404
2 0.016393433270831276
3 0.04918029981249383
2 0.08606552467186421
3 0.04713112065363992
2 0.06762291224217902
0 0.0655737330833251
2 0.0655737330833251
0 0.05327865813020165
0 0.11885239121352675
-2 0.09836059962498767
-4 0.10245895794269548
-5 0.10040977878384157
-4 0.13934418280206584
-6 0.11680321205467284
-4 0.11680321205467284
-5 0.12090157037238067
-4 0.09631142046613375
-6 0.11065567457811111
-4 0.11065567457811111
11 0.10450813710154938
2 0.004098358317707819
-5 0.016393433270831276
-4 0.07991798719530248
-7 0.11065567457811111
7 0.026639329065100824
-5 0.09016388298957202
12 0.12704910784894238
3 0.020491791588539095
-9 0.0
0 0.14344254111977367
-2 0.10245895794269548
-4 0.08196716635415638
-5 0.09836059962498767
-4 0.10860649541925721
-6 0.1311474661666502
-4 0.08196716635415638
-5 0.14344254111977367
-4 0.10860649541925721
-6 0.10450813710154938
-4 0.10245895794269548
-5 0.13319664532550413
11 0.026639329065100824
2 0.006147537476561729
-4 0.04713112065363992
-7 0.13319664532550413
7 0.036885224859370375
-5 0.07377044971874075
-9 0.1475408994374815
12 0.018442612429685187
3 0.016393433270831276
-7 0.11680321205467284
-10 0.07377044971874075
-9 0.11270485373696502
-12 0.10860649541925721
7 0.030737687382808642
8 0.036885224859370375
-10 0.03893440401822428
7 0.05942619560676338
5 0.04918029981249383
-14 0.008196716635415638
7 0.07786880803644856
-12 0.03278686654166255
-16 0.11270485373696502
12 0.010245895794269547
-14 0.10450813710154938
-17 0.10450813710154938
-16 0.10245895794269548
-19 0.11680321205467284
3 0.028688508223954735
5 0.06352455392447119
-17 0.026639329065100824
3 0.04713112065363992
-21 0.05327865813020165
2 0.018442612429685187
3 0.07377044971874075
-19 0.010245895794269547
-22 0.1311474661666502
5 0.014344254111977367
-24 0.012295074953123458
-21 0.0840163455130103
-22 0.016393433270831276
-24 0.09631142046613375
-26 0.024590149906246916
-24 0.0840163455130103
-25 0.12295074953123457
14 0.0
-24 0.09426224130727984
-27 0.10245895794269548
-25 0.11270485373696502
15 0.05122947897134774
-29 0.07991798719530248
17 0.0020491791588539096
-28 0.11680321205467284
-31 0.10450813710154938
-29 0.09426224130727984
-33 0.12499992869008848
11 0.026639329065100824
7 0.008196716635415638
-31 0.06352455392447119
12 0.03893440401822428
11 0.06762291224217902
-34 0.006147537476561729
9 0.08196716635415638
-31 0.014344254111977367
11 0.06352455392447119
-33 0.11065567457811111
12 0.008196716635415638
7 0.006147537476561729
11 0.10860649541925721
12 0.11270485373696502
7 0.08196716635415638
-31 0.1290982870077963
10 0.006147537476561729
2 0.008196716635415638
8 0.10245895794269548
7 0.12090157037238067
5 0.10450813710154938
-29 0.11065567457811111
3 0.0020491791588539096
0 0.014344254111977367
5 0.10450813710154938
7 0.09221306214842594
3 0.10245895794269548
-29 0.14959007859633539
2 0.0
-1 0.020491791588539095
3 0.11475403289581894
5 0.11065567457811111
2 0.11270485373696502
-13 0.22131134915622222
-10 0.0
-16 0.004098358317707819
17 0.0
-19 0.0
20 0.20901627420309876
14 0.15778679523175104
17 0.13524582448435804
11 0.14139336196091976
14 0.10245895794269548
8 0.13319664532550413
11 0.10860649541925721
5 0.10450813710154938
8 0.11270485373696502
2 0.09426224130727984
5 0.09836059962498767
-1 0.11270485373696502
2 0.09016388298957202
-4 0.12704910784894238
-1 0.11065567457811111
-9 0.32991784457547946
9 0.05942619560676338
15 0.0020491791588539096
3 0.0020491791588539096
12 0.0020491791588539096
6 0.0020491791588539096
12 0.19467202009112142
-6 0.09631142046613375
-12 0.13729500364321193
-9 0.11680321205467284
-15 0.10040977878384157
-12 0.10245895794269548
-18 0.08811470383071811
-15 0.08811470383071811
-21 0.11475403289581894
-18 0.09221306214842594
-24 0.14344254111977367
-21 0.12295074953123457
-27 0.10245895794269548
-24 0.10450813710154938
-30 0.09631142046613375
-27 0.10040977878384157
-29 0.12295074953123457
12 0.16393433270831276
7 0.09016388298957202
3 0.11270485373696502
0 0.10040977878384157
-5 0.11065567457811111
-17 0.04918029981249383
-9 0.043032762335932104
-21 0.043032762335932104
-12 0.05942619560676338
-24 0.028688508223954735
-5 0.10860649541925721
-29 0.004098358317707819
7 0.5471308354139939
2 0.006147537476561729
-1 0.0
-17 0.0020491791588539096
-5 0.0
0 0.7008192723280371
-12 0.020491791588539095
-10 0.1290982870077963
-9 0.11270485373696502
-10 0.10040977878384157
3 0.09631142046613375
0 0.004098358317707819
-12 0.0
-14 0.10860649541925721
-16 0.12295074953123457
-17 0.10450813710154938
3 0.043032762335932104
0 0.008196716635415638
-16 0.04918029981249383
3 0.043032762335932104
0 0.0020491791588539096
-14 0.1290982870077963
-12 0.10245895794269548
-14 0.09836059962498767
3 0.10245895794269548
0 0.004098358317707819
-16 0.0020491791588539096
-17 0.11065567457811111
-19 0.10245895794269548
-21 0.09631142046613375
3 0.04713112065363992
0 0.012295074953123458
-19 0.07581962887759465
0 0.012295074953123458
2 0.004098358317707819
-17 0.09631142046613375
-16 0.11680321205467284
-17 0.11270485373696502
-19 0.08196716635415638
0 0.05327865813020165
2 0.0
-22 0.07786880803644856
-21 0.13729500364321193
-19 0.020491791588539095
0 0.07786880803644856
2 0.0
-17 0.05942619560676338
2 0.06762291224217902
7 0.0020491791588539096
-1 0.006147537476561729
-18 0.09426224130727984
-17 0.1065573162604033
-18 0.11270485373696502
7 0.11885239121352675
2 0.0020491791588539096
-1 0.0020491791588539096
-17 0.0020491791588539096
-19 0.11065567457811111
-21 0.1065573162604033
-22 0.07377044971874075
7 0.028688508223954735
2 0.006147537476561729
-1 0.0020491791588539096
-24 0.0840163455130103
3 0.024590149906246916
0 0.0020491791588539096
-22 0.08606552467186421
-21 0.12704910784894238
-22 0.10040977878384157
-24 0.10040977878384157
3 0.043032762335932104
12 0.0020491791588539096
0 0.004098358317707819
-26 0.05737701644790947
-28 0.12704910784894238
-29 0.13524582448435804
3 0.04713112065363992
12 0.0
0 0.006147537476561729
-28 0.06967209140103292
12 0.0
3 0.006147537476561729
0 0.004098358317707819
-26 0.11270485373696502
-24 0.10040977878384157
-26 0.1065573162604033
-28 0.10450813710154938
12 0.026639329065100824
3 0.0020491791588539096
0 0.0020491791588539096
-29 0.07786880803644856
-31 0.09426224130727984
-33 0.11270485373696502
12 0.0655737330833251
3 0.0020491791588539096
0 0.006147537476561729
-31 0.07581962887759465
8 0.026639329065100824
2 0.004098358317707819
-29 0.07786880803644856
-28 0.12090157037238067
-29 0.11680321205467284
-31 0.09426224130727984
8 0.04098358317707819
12 0.006147537476561729
2 0.0020491791588539096
-34 0.07377044971874075
-33 0.1475408994374815
-31 0.05737701644790947
12 0.055327837289055555
2 0.012295074953123458
-29 0.061475374765617284
2 0.04508194149478601
11 0.004098358317707819
8 0.008196716635415638
7 0.0020491791588539096
3 0.010245895794269547
12 0.004098358317707819
-30 0.06967209140103292
-29 0.11065567457811111
-30 0.12499992869008848
2 0.11475403289581894
11 0.0
7 0.0
-29 0.008196716635415638
-31 0.12090157037238067
-33 0.12090157037238067
-34 0.08196716635415638
2 0.03893440401822428
7 0.0020491791588539096
11 0.020491791588539095
-36 0.07581962887759465
12 0.010245895794269547
3 0.0
7 0.0020491791588539096
7 0.49999971476035393
3 0.004098358317707819
-24 0.0
0 0.0020491791588539096
-36 0.0020491791588539096
-5 0.5389341187785782
3 0.0020491791588539096
0 0.0020491791588539096
-36 0.0020491791588539096
-24 0.004098358317707819
