-7 0.0
-7 0.30000000000000004
-7 0.15000000000000002
-7 0.30000000000000004
-7 0.15000000000000002
-7 0.30000000000000004
-7 0.15000000000000002
-7 0.15000000000000002
-7 0.15000000000000002
-7 0.15000000000000002
-7 0.30000000000000004
-7 0.15000000000000002
-7 0.30000000000000004
-7 0.15000000000000002
-7 0.30000000000000004
-7 0.15000000000000002
-7 0.15000000000000002
-7 0.15000000000000002
-7 0.15000000000000002
-43 0.0
-31 0.0
-7 0.30000000000000004
-7 0.15000000000000002
-7 0.30000000000000004
-7 0.15000000000000002
-43 0.0
-31 0.0
-7 0.30000000000000004
-7 0.15000000000000002
-43 0.0
-31 0.0
-12 0.15000000000000002
-9 0.15000000000000002
-16 0.15000000000000002
-12 0.0
-7 0.0
-31 0.0
-19 0.0
-16 0.30000000000000004
-12 0.0
-7 0.0
-31 0.0
-19 0.0
-31 0.15000000000000002
-19 0.0
-16 0.15000000000000002
-12 0.0
-7 0.0
-12 0.15000000000000002
-9 0.0
-5 0.0
-33 0.0
-21 0.0
-11 0.15000000000000002
-7 0.0
-4 0.0
-35 0.0
-23 0.0
-11 0.30000000000000004
-7 0.0
-4 0.0
-35 0.0
-23 0.0
-35 0.15000000000000002
-23 0.0
-11 0.15000000000000002
-7 0.0
-4 0.0
-7 0.15000000000000002
-2 0.0
-35 0.0
-23 0.0
-12 0.15000000000000002
-9 0.0
-5 0.0
-36 0.0
-24 0.0
-12 0.30000000000000004
-9 0.0
-5 0.0
-36 0.0
-24 0.0
-36 0.15000000000000002
-24 0.0
-12 0.15000000000000002
-7 0.0
-14 0.15000000000000002
-9 0.0
-36 0.0
-24 0.0
-12 0.15000000000000002
-9 0.0
-31 0.0
-19 0.0
-12 0.15000000000000002
-7 0.0
-31 0.15000000000000002
-19 0.0
-31 0.15000000000000002
-19 0.0
-12 0.15000000000000002
-9 0.15000000000000002
-31 0.0
-19 0.0
-16 0.15000000000000002
-11 0.0
-7 0.0
-35 0.0
-23 0.0
-16 0.30000000000000004
-11 0.0
-7 0.0
-35 0.0
-23 0.0
-35 0.15000000000000002
-23 0.0
-11 0.15000000000000002
-7 0.0
-11 0.15000000000000002
-5 0.0
-35 0.0
-23 0.0
-12 0.15000000000000002
-9 0.0
-4 0.0
-40 0.0
-28 0.0
-12 0.30000000000000004
-9 0.0
-4 0.0
-40 0.0
-28 0.0
-40 0.15000000000000002
-28 0.0
-9 0.15000000000000002
-4 0.0
-9 0.15000000000000002
-2 0.0
-40 0.0
-28 0.0
-9 0.15000000000000002
-5 0.0
-33 0.0
-21 0.0
-9 0.30000000000000004
-5 0.0
-33 0.0
-21 0.0
-36 0.15000000000000002
-24 0.0
-12 0.15000000000000002
-7 0.0
-9 0.15000000000000002
-36 0.0
-24 0.0
-16 0.15000000000000002
-12 0.0
-7 0.0
-31 0.0
-19 0.0
-31 0.30000000000000004
-19 0.0
-31 0.15000000000000002
-19 0.0
-12 0.15000000000000002
-9 0.15000000000000002
-31 0.0
-19 0.0
-16 0.15000000000000002
-12 0.0
-7 0.0
-31 0.0
-19 0.0
-16 0.30000000000000004
-12 0.0
-7 0.0
-31 0.0
-19 0.0
-31 0.15000000000000002
-19 0.0
-12 0.15000000000000002
-7 0.0
-12 0.15000000000000002
-4 0.0
-31 0.0
-19 0.0
-11 0.15000000000000002
-7 0.0
-2 0.0
-35 0.0
-23 0.0
-11 0.30000000000000004
-7 0.0
-2 0.0
-35 0.0
-23 0.0
-35 0.15000000000000002
-23 0.0
-7 0.15000000000000002
-2 0.0
-7 0.15000000000000002
0 0.0
-35 0.0
-23 0.0
-7 0.15000000000000002
-2 0.0
1 0.0
-38 0.0
-26 0.0
-7 0.30000000000000004
-2 0.0
1 0.0
-38 0.0
-26 0.0
-38 0.15000000000000002
-26 0.0
-4 0.15000000000000002
0 0.0
-5 0.15000000000000002
-2 0.0
-38 0.0
-26 0.0
-4 0.15000000000000002
0 0.0
-31 0.0
-19 0.0
-7 0.15000000000000002
-31 0.15000000000000002
-19 0.0
-31 0.15000000000000002
-19 0.0
-7 0.15000000000000002
-5 0.15000000000000002
-31 0.0
-19 0.0
-11 0.15000000000000002
-7 0.0
-4 0.0
-35 0.0
-23 0.0
-11 0.30000000000000004
-7 0.0
-4 0.0
-35 0.0
-23 0.0
-35 0.15000000000000002
-23 0.0
-11 0.15000000000000002
-7 0.0
-2 0.0
-35 0.15000000000000002
-23 0.0
-4 0.15000000000000002
0 0.0
-31 0.0
-19 0.0
-7 0.15000000000000002
-31 0.15000000000000002
-19 0.0
-31 0.15000000000000002
-19 0.0
-7 0.15000000000000002
-4 0.15000000000000002
-31 0.0
-19 0.0
-12 0.15000000000000002
-8 0.0
-5 0.0
-36 0.0
-24 0.0
-12 0.30000000000000004
-8 0.0
-5 0.0
-36 0.0
-24 0.0
-36 0.15000000000000002
-24 0.0
-7 0.15000000000000002
-4 0.0
-10 0.15000000000000002
-7 0.0
-36 0.0
-24 0.0
-12 0.15000000000000002
-8 0.0
-5 0.0
-36 0.0
-24 0.0
-36 0.30000000000000004
-24 0.0
-36 0.15000000000000002
-24 0.0
0 0.15000000000000002
3 0.15000000000000002
-36 0.0
-24 0.0
-4 0.15000000000000002
0 0.0
5 0.0
-31 0.0
-19 0.0
-4 0.30000000000000004
0 0.0
5 0.0
-31 0.0
-19 0.0
-31 0.15000000000000002
-19 0.0
-4 0.15000000000000002
0 0.0
5 0.0
0 0.15000000000000002
3 0.0
7 0.0
-33 0.0
-21 0.0
1 0.15000000000000002
5 0.0
8 0.0
-35 0.0
-23 0.0
1 0.30000000000000004
5 0.0
8 0.0
-35 0.0
-23 0.0
-35 0.15000000000000002
-23 0.0
1 0.15000000000000002
5 0.0
8 0.0
5 0.15000000000000002
10 0.0
-35 0.0
-23 0.0
0 0.15000000000000002
3 0.0
7 0.0
-36 0.0
-24 0.0
0 0.30000000000000004
3 0.0
7 0.0
-36 0.0
-24 0.0
-36 0.15000000000000002
-24 0.0
0 0.15000000000000002
5 0.0
-2 0.15000000000000002
3 0.0
-36 0.0
-24 0.0
0 0.15000000000000002
3 0.0
-31 0.0
-19 0.0
0 0.15000000000000002
5 0.0
-31 0.15000000000000002
-19 0.0
-31 0.15000000000000002
-19 0.0
0 0.15000000000000002
3 0.15000000000000002
-31 0.0
-19 0.0
-4 0.15000000000000002
1 0.0
5 0.0
-35 0.0
-23 0.0
-4 0.30000000000000004
1 0.0
5 0.0
-35 0.0
-23 0.0
-35 0.15000000000000002
-23 0.0
1 0.15000000000000002
5 0.0
1 0.15000000000000002
7 0.0
-35 0.0
-23 0.0
0 0.15000000000000002
3 0.0
8 0.0
-40 0.0
-28 0.0
0 0.30000000000000004
3 0.0
8 0.0
-40 0.0
-28 0.0
-40 0.15000000000000002
-28 0.0
3 0.15000000000000002
8 0.0
3 0.15000000000000002
10 0.0
-40 0.0
-28 0.0
3 0.15000000000000002
7 0.0
-33 0.0
-21 0.0
3 0.30000000000000004
7 0.0
-33 0.0
-21 0.0
-36 0.15000000000000002
-24 0.0
0 0.15000000000000002
5 0.0
3 0.15000000000000002
-36 0.0
-24 0.0
-4 0.15000000000000002
0 0.0
5 0.0
-31 0.0
-19 0.0
-31 0.30000000000000004
-19 0.0
-31 0.15000000000000002
-19 0.0
0 0.15000000000000002
3 0.15000000000000002
-31 0.0
-19 0.0
-4 0.15000000000000002
0 0.0
5 0.0
-31 0.0
-19 0.0
-4 0.30000000000000004
0 0.0
5 0.0
-31 0.0
-19 0.0
-31 0.15000000000000002
-19 0.0
0 0.15000000000000002
5 0.0
0 0.15000000000000002
8 0.0
-31 0.0
-19 0.0
1 0.15000000000000002
5 0.0
10 0.0
-35 0.0
-23 0.0
1 0.30000000000000004
5 0.0
10 0.0
-35 0.0
-23 0.0
-35 0.15000000000000002
-23 0.0
5 0.15000000000000002
10 0.0
5 0.15000000000000002
12 0.0
-35 0.0
-23 0.0
5 0.15000000000000002
10 0.0
13 0.0
-38 0.0
-26 0.0
5 0.30000000000000004
10 0.0
13 0.0
-38 0.0
-26 0.0
-38 0.15000000000000002
-26 0.0
8 0.15000000000000002
12 0.0
7 0.15000000000000002
10 0.0
-38 0.0
-26 0.0
8 0.15000000000000002
12 0.0
-31 0.0
-19 0.0
5 0.15000000000000002
-31 0.15000000000000002
-19 0.0
-31 0.15000000000000002
-19 0.0
5 0.15000000000000002
7 0.15000000000000002
-31 0.0
-19 0.0
1 0.15000000000000002
5 0.0
8 0.0
-35 0.0
-23 0.0
1 0.30000000000000004
5 0.0
8 0.0
-35 0.0
-23 0.0
-35 0.15000000000000002
-23 0.0
1 0.15000000000000002
5 0.0
10 0.0
-35 0.15000000000000002
-23 0.0
8 0.15000000000000002
12 0.0
-31 0.0
-19 0.0
5 0.15000000000000002
-31 0.15000000000000002
-19 0.0
-31 0.15000000000000002
-19 0.0
5 0.15000000000000002
8 0.15000000000000002
-31 0.0
-19 0.0
0 0.15000000000000002
4 0.0
7 0.0
-36 0.0
-24 0.0
0 0.30000000000000004
4 0.0
7 0.0
-36 0.0
-24 0.0
-36 0.15000000000000002
-24 0.0
5 0.15000000000000002
4 0.15000000000000002
-36 0.0
-24 0.0
0 0.15000000000000002
5 0.0
-31 0.0
-19 0.0
0 0.30000000000000004
5 0.0
-31 0.0
-19 0.0
0 0.30000000000000004
3 0.0
7 0.0
-33 0.0
-21 0.0
3 0.30000000000000004
5 0.0
8 0.0
-33 0.0
-21 0.0
8 0.30000000000000004
-33 0.0
-21 0.0
8 0.15000000000000002
1 0.15000000000000002
5 0.0
10 0.0
-35 0.0
-23 0.0
5 0.30000000000000004
12 0.0
-36 0.0
-24 0.0
8 0.15000000000000002
-36 0.15000000000000002
-24 0.0
-36 0.15000000000000002
-24 0.0
0 0.15000000000000002
8 0.0
0 0.15000000000000002
5 0.0
-36 0.0
-24 0.0
0 0.15000000000000002
-36 0.0
-24 0.0
-36 0.30000000000000004
-24 0.0
-36 0.15000000000000002
-24 0.0
-36 0.30000000000000004
-24 0.0
5 0.15000000000000002
10 0.0
13 0.0
-38 0.0
-26 0.0
-38 0.30000000000000004
-26 0.0
-38 0.15000000000000002
-26 0.0
1 0.15000000000000002
10 0.0
1 0.15000000000000002
5 0.0
-38 0.0
-26 0.0
1 0.15000000000000002
-38 0.0
-26 0.0
-38 0.30000000000000004
-26 0.0
-38 0.15000000000000002
-26 0.0
-38 0.30000000000000004
-26 0.0
-8 0.15000000000000002
-5 0.0
-36 0.0
-24 0.0
-8 0.15000000000000002
-5 0.0
-36 0.15000000000000002
-24 0.0
-14 0.15000000000000002
-7 0.0
-36 0.0
-24 0.0
-36 0.30000000000000004
-24 0.0
-12 0.15000000000000002
-8 0.0
-4 0.0
-36 0.0
-24 0.0
-36 0.30000000000000004
-24 0.0
-36 0.15000000000000002
-24 0.0
-4 0.15000000000000002
-2 0.15000000000000002
-36 0.0
-24 0.0
-7 0.15000000000000002
-4 0.0
0 0.0
-31 0.0
-19 0.0
-7 0.30000000000000004
-4 0.0
0 0.0
-31 0.0
-19 0.0
-31 0.15000000000000002
-19 0.0
-7 0.15000000000000002
-4 0.0
0 0.0
-31 0.15000000000000002
-19 0.0
-7 0.15000000000000002
-4 0.0
1 0.0
-31 0.0
-19 0.0
-7 0.15000000000000002
-4 0.0
0 0.0
-31 0.15000000000000002
-19 0.0
-31 0.15000000000000002
-19 0.0
-31 0.15000000000000002
-19 0.0
-31 0.15000000000000002
-19 0.0
-9 0.15000000000000002
-5 0.0
-2 0.0
-33 0.0
-21 0.0
-9 0.30000000000000004
-5 0.0
-2 0.0
-33 0.0
-21 0.0
-33 0.15000000000000002
-21 0.0
-9 0.15000000000000002
-5 0.0
-2 0.0
-33 0.15000000000000002
-21 0.0
-9 0.15000000000000002
-5 0.0
-2 0.0
-28 0.0
-16 0.0
-9 0.15000000000000002
-4 0.0
0 0.0
-28 0.15000000000000002
-16 0.0
-28 0.15000000000000002
-16 0.0
-28 0.15000000000000002
-16 0.0
-28 0.15000000000000002
-16 0.0
-7 0.15000000000000002
-4 0.0
0 0.0
-31 0.0
-19 0.0
-7 0.30000000000000004
-4 0.0
0 0.0
-31 0.0
-19 0.0
-31 0.15000000000000002
-19 0.0
-7 0.15000000000000002
-4 0.0
0 0.0
-31 0.15000000000000002
-19 0.0
-7 0.15000000000000002
-4 0.0
1 0.0
-31 0.0
-19 0.0
-7 0.15000000000000002
-4 0.0
0 0.0
-31 0.15000000000000002
-19 0.0
-31 0.15000000000000002
-19 0.0
-31 0.15000000000000002
-19 0.0
-31 0.15000000000000002
-19 0.0
-8 0.15000000000000002
-5 0.0
-2 0.0
-36 0.0
-24 0.0
-8 0.30000000000000004
-4 0.0
-36 0.0
-24 0.0
-36 0.15000000000000002
-24 0.0
-12 0.15000000000000002
-5 0.0
-36 0.15000000000000002
-24 0.0
-16 0.15000000000000002
-12 0.0
-7 0.0
-31 0.0
-19 0.0
-31 0.30000000000000004
-19 0.0
-31 0.15000000000000002
-19 0.0
-7 0.15000000000000002
-5 0.15000000000000002
-31 0.0
-19 0.0
-12 0.15000000000000002
-7 0.0
-4 0.0
-31 0.0
-19 0.0
-31 0.30000000000000004
-19 0.0
-31 0.15000000000000002
-19 0.0
-2 0.15000000000000002
0 0.15000000000000002
-31 0.0
-19 0.0
-9 0.15000000000000002
-2 0.0
-33 0.0
-21 0.0
-9 0.30000000000000004
-4 0.0
-33 0.0
-21 0.0
-33 0.15000000000000002
-21 0.0
-9 0.15000000000000002
-5 0.0
-33 0.0
-21 0.0
-33 0.15000000000000002
-21 0.0
-12 0.15000000000000002
-9 0.0
-4 0.0
-28 0.0
-16 0.0
-12 0.30000000000000004
-9 0.0
-2 0.0
-28 0.0
-16 0.0
-28 0.15000000000000002
-16 0.0
-12 0.15000000000000002
-9 0.0
0 0.0
-28 0.0
-16 0.0
-28 0.15000000000000002
-16 0.0
-9 0.15000000000000002
-5 0.0
-2 0.0
-33 0.0
-21 0.0
-33 0.30000000000000004
-21 0.0
-33 0.15000000000000002
-21 0.0
-4 0.15000000000000002
-33 0.0
-21 0.0
-2 0.15000000000000002
-33 0.0
-21 0.0
-9 0.15000000000000002
-4 0.0
0 0.0
-28 0.0
-16 0.0
-28 0.30000000000000004
-16 0.0
-28 0.15000000000000002
-16 0.0
-2 0.15000000000000002
-28 0.0
-16 0.0
-4 0.15000000000000002
-28 0.0
-16 0.0
-8 0.15000000000000002
-5 0.0
-36 0.0
-24 0.0
-8 0.30000000000000004
-4 0.0
-36 0.0
-24 0.0
-36 0.15000000000000002
-24 0.0
-8 0.15000000000000002
-5 0.0
-36 0.0
-24 0.0
-36 0.15000000000000002
-24 0.0
-16 0.15000000000000002
-12 0.0
-7 0.0
-31 0.0
-19 0.0
-31 0.30000000000000004
-19 0.0
-31 0.15000000000000002
-19 0.0
-5 0.15000000000000002
-9 0.15000000000000002
-31 0.0
-19 0.0
-16 0.15000000000000002
-12 0.0
-7 0.0
-31 0.0
-19 0.0
-31 0.30000000000000004
-19 0.0
-31 0.15000000000000002
-19 0.0
5 0.15000000000000002
-31 0.0
-19 0.0
7 0.15000000000000002
-31 0.0
-19 0.0
0 0.15000000000000002
5 0.0
8 0.0
-31 0.0
-19 0.0
-31 0.30000000000000004
-19 0.0
-31 0.15000000000000002
-19 0.0
7 0.15000000000000002
-31 0.0
-19 0.0
8 0.15000000000000002
-31 0.0
-19 0.0
3 0.15000000000000002
10 0.0
-33 0.0
-21 0.0
3 0.30000000000000004
8 0.0
-33 0.0
-21 0.0
-33 0.15000000000000002
-21 0.0
3 0.15000000000000002
10 0.0
-33 0.0
-21 0.0
-33 0.15000000000000002
-21 0.0
8 0.15000000000000002
12 0.0
-28 0.0
-16 0.0
3 0.30000000000000004
10 0.0
-28 0.0
-16 0.0
-28 0.15000000000000002
-16 0.0
3 0.15000000000000002
8 0.0
-28 0.0
-16 0.0
-28 0.15000000000000002
-16 0.0
-4 0.15000000000000002
1 0.0
5 0.0
-35 0.0
-23 0.0
-35 0.30000000000000004
-23 0.0
-35 0.15000000000000002
-23 0.0
5 0.15000000000000002
-35 0.0
-23 0.0
7 0.15000000000000002
-35 0.0
-23 0.0
0 0.15000000000000002
5 0.0
8 0.0
-31 0.0
-19 0.0
0 0.30000000000000004
5 0.0
10 0.0
-31 0.0
-19 0.0
-31 0.15000000000000002
-19 0.0
5 0.15000000000000002
12 0.0
-31 0.0
-19 0.0
-31 0.15000000000000002
-19 0.0
1 0.15000000000000002
5 0.0
13 0.0
-38 0.0
-26 0.0
1 0.30000000000000004
5 0.0
-38 0.0
-26 0.0
-38 0.15000000000000002
-26 0.0
1 0.15000000000000002
10 0.0
-38 0.0
-26 0.0
-38 0.15000000000000002
-26 0.0
0 0.15000000000000002
8 0.0
-36 0.0
-24 0.0
-36 0.30000000000000004
-24 0.0
-36 0.15000000000000002
-24 0.0
10 0.15000000000000002
-36 0.0
-24 0.0
7 0.15000000000000002
-36 0.0
-24 0.0
0 0.15000000000000002
5 0.0
-36 0.0
-24 0.0
-36 0.30000000000000004
-24 0.0
-36 0.15000000000000002
-24 0.0
7 0.15000000000000002
-36 0.0
-24 0.0
4 0.15000000000000002
-36 0.0
-24 0.0
5 0.15000000000000002
8 0.0
12 0.0
-31 0.0
-19 0.0
-31 0.30000000000000004
-19 0.0
-31 0.15000000000000002
-19 0.0
-31 0.15000000000000002
-19 0.0
-31 0.15000000000000002
-19 0.0
5 0.15000000000000002
10 0.0
13 0.0
-38 0.0
-26 0.0
-38 0.30000000000000004
-26 0.0
-38 0.15000000000000002
-26 0.0
-38 0.15000000000000002
-26 0.0
-38 0.15000000000000002
-26 0.0
3 0.15000000000000002
8 0.0
12 0.0
-28 0.0
-16 0.0
3 0.30000000000000004
8 0.0
12 0.0
-28 0.0
-16 0.0
-28 0.15000000000000002
-16 0.0
3 0.15000000000000002
8 0.0
12 0.0
-28 0.15000000000000002
-16 0.0
3 0.15000000000000002
7 0.0
12 0.0
-33 0.0
-21 0.0
10 0.15000000000000002
-33 0.15000000000000002
-21 0.0
-33 0.15000000000000002
-21 0.0
-33 0.15000000000000002
-21 0.0
-33 0.15000000000000002
-21 0.0
1 0.15000000000000002
5 0.0
10 0.0
-38 0.0
-26 0.0
-38 0.30000000000000004
-26 0.0
-38 0.15000000000000002
-26 0.0
-38 0.15000000000000002
-26 0.0
-38 0.15000000000000002
-26 0.0
0 0.15000000000000002
5 0.0
8 0.0
-36 0.0
-24 0.0
-36 0.30000000000000004
-24 0.0
-36 0.15000000000000002
-24 0.0
-36 0.15000000000000002
-24 0.0
-36 0.15000000000000002
-24 0.0
0 0.15000000000000002
8 0.0
-36 0.0
-24 0.0
0 0.30000000000000004
10 0.0
-36 0.0
-24 0.0
-36 0.15000000000000002
-24 0.0
0 0.15000000000000002
7 0.0
-36 0.0
-24 0.0
-36 0.15000000000000002
-24 0.0
-4 0.15000000000000002
0 0.0
5 0.0
-31 0.0
-19 0.0
-31 0.30000000000000004
-19 0.0
5 0.15000000000000002
-31 0.0
-19 0.0
7 0.15000000000000002
-31 0.0
-19 0.0
8 0.15000000000000002
-31 0.0
-19 0.0
5 0.15000000000000002
8 0.0
12 0.0
-31 0.0
-19 0.0
-31 0.30000000000000004
-19 0.0
5 0.15000000000000002
-31 0.0
-19 0.0
7 0.15000000000000002
-31 0.0
-19 0.0
8 0.15000000000000002
-31 0.0
-19 0.0
5 0.15000000000000002
8 0.0
13 0.0
-35 0.0
-23 0.0
-35 0.30000000000000004
-23 0.0
5 0.15000000000000002
-35 0.0
-23 0.0
7 0.15000000000000002
-35 0.0
-23 0.0
8 0.15000000000000002
-35 0.0
-23 0.0
3 0.15000000000000002
8 0.0
12 0.0
-28 0.0
-16 0.0
3 0.30000000000000004
8 0.0
12 0.0
-28 0.0
-16 0.0
-28 0.15000000000000002
-16 0.0
8 0.15000000000000002
15 0.0
-28 0.0
-16 0.0
-28 0.15000000000000002
-16 0.0
3 0.15000000000000002
7 0.0
12 0.0
-33 0.0
-21 0.0
10 0.15000000000000002
-33 0.15000000000000002
-21 0.0
-33 0.15000000000000002
-21 0.0
-33 0.15000000000000002
-21 0.0
-33 0.15000000000000002
-21 0.0
1 0.15000000000000002
5 0.0
10 0.0
-38 0.0
-26 0.0
-38 0.30000000000000004
-26 0.0
-38 0.15000000000000002
-26 0.0
-38 0.15000000000000002
-26 0.0
-38 0.15000000000000002
-26 0.0
0 0.15000000000000002
5 0.0
8 0.0
-36 0.0
-24 0.0
-36 0.30000000000000004
-24 0.0
-36 0.15000000000000002
-24 0.0
-36 0.15000000000000002
-24 0.0
-36 0.15000000000000002
-24 0.0
0 0.15000000000000002
8 0.0
-36 0.0
-24 0.0
0 0.30000000000000004
10 0.0
-36 0.0
-24 0.0
-36 0.15000000000000002
-24 0.0
0 0.15000000000000002
7 0.0
-36 0.0
-24 0.0
-36 0.15000000000000002
-24 0.0
-4 0.15000000000000002
0 0.0
5 0.0
-31 0.0
-19 0.0
-31 0.45
-19 0.0
-31 0.15000000000000002
-19 0.0
-31 0.15000000000000002
-19 0.0
-7 0.15000000000000002
-43 0.0
-31 0.0
