-4 2.581365820395738
-1 0.0
1 0.0
4 0.0
-4 0.3687665457708197
-1 0.0
1 0.0
4 0.0
-4 0.3687665457708197
-1 0.0
1 0.0
4 0.0
-4 0.3687665457708197
-1 0.0
1 0.0
4 0.0
-4 0.7375330915416394
-1 0.0
1 0.0
4 0.0
-6 1.1062996373124592
-2 0.0
1 0.0
4 0.0
-6 0.3687665457708197
-2 0.0
1 0.0
4 0.0
-4 0.3687665457708197
-1 0.0
1 0.0
-2 0.3687665457708197
1 0.0
4 0.0
-4 0.3687665457708197
-1 0.0
-6 0.18438327288540984
-2 0.0
-6 0.9219163644270493
-3 0.0
-1 0.0
3 0.0
-6 0.3687665457708197
-3 0.0
-1 0.0
3 0.0
-6 0.3687665457708197
-3 0.0
-1 0.0
3 0.0
-6 0.3687665457708197
-3 0.0
1 0.0
4 0.0
-6 0.7375330915416394
-3 0.0
-1 0.0
3 0.0
-1 0.7375330915416394
-8 0.3687665457708197
-4 0.0
-1 0.0
4 0.0
-8 0.3687665457708197
-4 0.0
-1 0.0
4 0.0
-3 0.3687665457708197
1 0.0
-4 0.3687665457708197
-1 0.0
-6 0.3687665457708197
-3 0.0
-8 0.3687665457708197
-4 0.0
-23 1.8438327288540985
-16 0.0
-11 0.0
-8 0.0
-4 0.0
-4 0.0
-23 0.0
-16 0.0
-11 0.0
-8 0.0
-4 0.0
-11 0.3687665457708197
-8 0.3687665457708197
-4 0.0
-4 0.0
-11 0.3687665457708197
-4 0.0
-8 0.3687665457708197
-4 0.0
-11 0.3687665457708197
-8 0.3687665457708197
-4 0.0
-11 0.3687665457708197
-4 0.0
-20 0.3687665457708197
-13 0.0
-10 0.0
-8 0.0
-4 0.0
-4 0.0
-10 0.0
-10 0.3687665457708197
-4 0.0
-8 0.3687665457708197
-4 0.0
-3 0.0
-3 0.0
-10 0.3687665457708197
-1 0.0
-1 0.0
-8 0.3687665457708197
-4 0.0
-10 0.3687665457708197
-8 0.0
-8 0.0
-8 0.3687665457708197
-4 0.0
-10 0.3687665457708197
1 0.0
-3 0.0
1 0.0
-27 0.3687665457708197
-15 0.0
-8 0.0
-3 0.0
1 0.0
-11 0.3687665457708197
-8 0.3687665457708197
-3 0.0
1 0.0
-11 0.3687665457708197
-8 0.3687665457708197
-3 0.0
1 0.0
-11 0.3687665457708197
-8 0.3687665457708197
-3 0.0
1 0.0
-11 0.3687665457708197
-18 0.3687665457708197
-6 0.0
-3 0.0
1 0.0
1 0.0
13 0.0
-11 0.0
-6 0.0
-11 0.3687665457708197
-6 0.3687665457708197
-3 0.0
1 0.0
13 0.0
-11 0.3687665457708197
1 0.0
-6 0.3687665457708197
-3 0.0
1 0.0
-11 0.3687665457708197
1 0.0
-6 0.3687665457708197
-3 0.0
1 0.0
-11 0.3687665457708197
-25 0.3687665457708197
-13 0.0
-9 0.0
-6 0.0
-1 0.0
-1 0.0
11 0.0
-13 0.0
-9 0.0
-1 0.0
-18 0.3687665457708197
-9 0.0
-1 0.0
11 0.0
-13 0.3687665457708197
-6 0.0
1 0.0
1 0.0
13 0.0
-11 0.0
1 0.0
-18 0.3687665457708197
-9 0.0
-1 0.0
-1 0.0
11 0.0
-13 0.0
-1 0.0
-3 0.18438327288540984
-3 0.0
9 0.0
-3 0.0
-6 0.18438327288540984
-6 0.0
6 0.0
-6 0.0
-4 0.7375330915416394
-4 0.0
-4 0.0
-3 0.3687665457708197
-3 0.0
-3 0.0
-22 0.3687665457708197
-15 0.0
-10 0.0
-6 0.0
-3 0.0
2 0.0
2 0.0
-10 0.0
-6 0.0
2 0.0
-22 0.3687665457708197
-10 0.0
-6 0.0
-3 0.0
2 0.0
2 0.0
-10 0.0
-6 0.0
2 0.0
-23 0.3687665457708197
-16 0.0
-11 0.0
-7 0.0
-4 0.0
1 0.0
1 0.0
-11 0.0
-4 0.0
1 0.0
-24 0.7375330915416394
-17 0.0
-12 0.0
-8 0.0
-5 0.0
0 0.0
0 0.0
-12 0.0
-5 0.0
0 0.0
-24 0.3687665457708197
-17 0.0
-12 0.0
-8 0.0
-5 0.0
0 0.0
0 0.0
-12 0.0
-5 0.0
0 0.0
-23 0.3687665457708197
-16 0.0
-11 0.0
-7 0.0
-4 0.0
1 0.0
1 0.0
-11 0.0
-4 0.0
1 0.0
-22 0.7375330915416394
-15 0.0
-10 0.0
-6 0.0
-3 0.0
2 0.0
2 0.0
-10 0.0
-3 0.0
2 0.0
-22 0.3687665457708197
-10 0.0
-6 0.0
-3 0.0
2 0.0
2 0.0
-10 0.0
-3 0.0
2 0.0
-23 0.3687665457708197
-16 0.0
-11 0.0
-7 0.0
-4 0.0
1 0.0
1 0.0
-11 0.0
-4 0.0
1 0.0
-24 0.7375330915416394
-17 0.0
-12 0.0
-8 0.0
-5 0.0
0 0.0
0 0.0
-12 0.0
-5 0.0
0 0.0
-12 0.3687665457708197
-8 0.0
-5 0.0
0 0.0
0 0.0
-12 0.0
-23 0.3687665457708197
-16 0.0
-11 0.0
-7 0.0
-4 0.0
1 0.0
1 0.0
-11 0.0
-4 0.0
1 0.0
-18 0.7375330915416394
-11 0.0
-6 0.0
-2 0.0
-6 0.0
-2 0.0
1 0.0
-6 0.3687665457708197
-2 0.0
-11 0.3687665457708197
-2 0.0
1 0.0
-2 0.0
-18 0.3687665457708197
-6 0.0
-2 0.0
-19 0.3687665457708197
-11 0.0
-7 0.0
-4 0.0
-4 0.0
-7 0.0
-4 0.0
-7 0.3687665457708197
-11 0.3687665457708197
-4 0.0
1 0.0
1 0.0
1 0.18438327288540984
-19 0.18438327288540984
-7 0.0
-20 0.3687665457708197
-11 0.0
-8 0.0
-5 0.0
-2 0.0
-5 0.0
-8 0.0
-5 0.0
-8 0.3687665457708197
-5 0.0
-2 0.0
-5 0.3687665457708197
-2 0.0
-5 0.0
1 0.0
-11 0.3687665457708197
-8 0.0
1 0.0
-4 0.0
-21 0.3687665457708197
-12 0.0
-9 0.0
-4 0.0
0 0.0
-4 0.0
-9 0.0
-4 0.0
0 0.0
-9 0.3687665457708197
-4 0.3687665457708197
0 0.0
-9 0.0
-6 0.0
-9 0.3687665457708197
-6 0.0
-28 0.3687665457708197
-6 0.0
-2 0.0
3 0.0
-4 0.0
0 0.0
3 0.0
-21 0.3687665457708197
-12 0.3687665457708197
-9 0.3687665457708197
-6 0.3687665457708197
0 0.0
3 0.0
-12 0.7375330915416394
-12 0.0
-12 0.0
-35 0.7375330915416394
-23 0.0
-11 0.0
-11 0.0
-11 0.0
-16 0.3687665457708197
-11 0.3687665457708197
-7 0.3687665457708197
-2 0.3687665457708197
10 0.0
-16 0.3687665457708197
-4 0.3687665457708197
8 0.0
-16 0.3687665457708197
-35 0.3687665457708197
-11 0.0
-7 0.0
-16 0.3687665457708197
-11 0.3687665457708197
-7 0.3687665457708197
-2 0.3687665457708197
10 0.0
-16 0.3687665457708197
-4 0.3687665457708197
8 0.0
-16 0.3687665457708197
3 0.3687665457708197
5 0.0
-35 0.0
-23 0.0
-11 0.0
-7 0.0
-16 0.3687665457708197
-11 0.3687665457708197
-7 0.3687665457708197
-2 0.3687665457708197
10 0.0
-16 0.3687665457708197
-4 0.3687665457708197
8 0.0
1 0.3687665457708197
-16 0.0
3 0.3687665457708197
-26 0.0
-11 0.0
-7 0.0
5 0.3687665457708197
-14 0.0
4 0.18438327288540984
-11 0.18438327288540984
-7 0.3687665457708197
0 0.3687665457708197
12 0.0
-14 0.3687665457708197
-2 0.3687665457708197
10 0.0
5 0.3687665457708197
-7 0.0
6 0.3687665457708197
-33 0.0
-21 0.0
-9 0.0
-6 0.0
8 0.3687665457708197
-9 0.0
6 0.18438327288540984
-6 0.18438327288540984
5 0.18438327288540984
-2 0.18438327288540984
3 0.18438327288540984
5 0.18438327288540984
17 0.0
-9 0.3687665457708197
3 0.3687665457708197
15 0.0
3 0.3687665457708197
-6 0.0
5 0.18438327288540984
6 0.18438327288540984
-33 0.0
-21 0.0
-2 0.0
8 0.3687665457708197
-9 0.0
6 0.18438327288540984
-33 0.0
-6 0.18438327288540984
5 0.18438327288540984
3 0.18438327288540984
-2 0.0
-28 0.3687665457708197
-16 0.0
0 0.0
-6 0.3687665457708197
-4 0.3687665457708197
3 0.3687665457708197
4 0.3687665457708197
5 0.0
-23 0.0
-11 0.0
-7 0.0
5 0.3687665457708197
-16 0.0
-11 0.3687665457708197
3 0.3687665457708197
-7 0.0
1 0.18438327288540984
3 0.18438327288540984
-2 0.0
10 0.0
5 0.18438327288540984
-16 0.18438327288540984
-4 0.3687665457708197
8 0.0
8 0.3687665457708197
-16 0.0
11 0.3687665457708197
12 0.0
-26 0.0
-11 0.0
-7 0.0
-14 0.3687665457708197
10 0.18438327288540984
-11 0.18438327288540984
-7 0.3687665457708197
0 0.3687665457708197
12 0.0
-14 0.3687665457708197
-2 0.3687665457708197
10 0.0
9 0.3687665457708197
-14 0.0
10 0.18438327288540984
13 0.18438327288540984
-21 0.0
-9 0.0
-6 0.0
13 0.3687665457708197
-14 0.0
13 0.18438327288540984
-9 0.18438327288540984
-22 0.3687665457708197
-14 0.0
-6 0.0
12 0.18438327288540984
13 0.0
-23 0.18438327288540984
-11 0.0
-6 0.0
-2 0.18438327288540984
10 0.18438327288540984
-14 0.0
5 0.3687665457708197
6 0.0
-24 0.0
-12 0.0
-6 0.0
3 0.3687665457708197
-14 0.0
-25 0.3687665457708197
-11 0.0
-6 0.0
-13 0.3687665457708197
-34 0.3610839094005943
-24 0.0
-9 0.007682636370225411
-6 0.0
-34 0.17670063651518444
-24 0.0
-34 0.18438327288540984
-24 0.0
-13 0.007682636370225411
-34 0.17670063651518444
-24 0.0
-34 0.18438327288540984
-24 0.0
-26 0.007682636370225411
-11 0.0
-6 0.0
-34 0.17670063651518444
-24 0.0
-34 0.18438327288540984
-24 0.0
-14 0.007682636370225411
-34 0.17670063651518444
-24 0.0
-34 0.18438327288540984
-26 0.0
-28 0.007682636370225411
-13 0.0
-6 0.0
-34 0.17670063651518444
-26 0.0
-34 0.18438327288540984
-26 0.0
-16 0.007682636370225411
-34 0.17670063651518444
-26 0.0
-34 0.18438327288540984
-20 0.0
9 0.007682636370225411
10 0.0
-30 0.0
-18 0.0
-11 0.0
-6 0.0
-2 0.0
6 0.0
13 0.0
-30 0.04609581822135246
-18 0.3149880911792418
-14 0.007682636370225411
-29 0.3610839094005943
-27 0.0
-18 0.0
-11 0.007682636370225411
-6 0.0
-2 0.0
-34 0.3610839094005943
-18 0.0
-14 0.007682636370225411
-30 0.04609581822135246
-34 0.3149880911792418
-18 0.0
-11 0.007682636370225411
-6 0.0
-2 0.0
-30 0.04609581822135246
-18 0.3149880911792418
-14 0.007682636370225411
-29 0.3610839094005943
-27 0.0
-18 0.0
8 0.007682636370225411
-31 0.0
-19 0.0
-11 0.0
-7 0.0
-4 0.0
5 0.0
-35 0.04609581822135246
-18 0.3149880911792418
10 0.007682636370225411
-16 0.0
11 0.18438327288540984
-34 0.17670063651518444
-18 0.0
10 0.007682636370225411
-33 0.0
-21 0.0
-9 0.0
-6 0.0
3 0.0
6 0.0
10 0.0
15 0.0
-33 0.04609581822135246
-18 0.3149880911792418
-9 0.007682636370225411
-29 0.3610839094005943
-27 0.0
-18 0.0
-6 0.007682636370225411
-34 0.3610839094005943
-18 0.0
-2 0.007682636370225411
-33 0.04609581822135246
-34 0.3149880911792418
-18 0.0
-7 0.007682636370225411
5 0.0
8 0.0
-33 0.04609581822135246
-18 0.3149880911792418
-6 0.007682636370225411
-29 0.3610839094005943
-27 0.0
-18 0.0
-9 0.007682636370225411
3 0.0
13 0.0
-38 0.04609581822135246
-34 0.3149880911792418
-18 0.0
10 0.007682636370225411
-2 0.0
-39 0.04609581822135246
-34 0.3149880911792418
-20 0.0
10 0.007682636370225411
11 0.0
-28 0.0
-16 0.0
-4 0.0
-1 0.0
8 0.0
11 0.0
-40 0.04609581822135246
-18 0.3149880911792418
-9 0.007682636370225411
10 0.18438327288540984
-29 0.17670063651518444
-27 0.0
-18 0.0
-4 0.007682636370225411
-1 0.0
3 0.0
7 0.0
10 0.18438327288540984
-34 0.17670063651518444
-20 0.0
8 0.007682636370225411
-29 0.0
-17 0.0
-9 0.0
-5 0.0
-29 0.04609581822135246
-34 0.3149880911792418
-20 0.0
8 0.007682636370225411
-30 0.0
-18 0.0
-6 0.0
-1 0.0
6 0.0
-30 0.04609581822135246
-18 0.3149880911792418
-9 0.007682636370225411
-29 0.3610839094005943
-27 0.0
-18 0.0
-31 0.007682636370225411
-19 0.0
-7 0.0
-1 0.0
3 0.0
5 0.0
-31 0.04609581822135246
-34 0.3149880911792418
-18 0.0
-9 0.007682636370225411
1 0.18438327288540984
-33 0.04609581822135246
-34 0.13060481829383197
-18 0.0
1 0.007682636370225411
-35 0.0
-23 0.0
-7 0.0
-3 0.0
1 0.0
1 0.0
5 0.0
8 0.0
13 0.0
-35 0.04609581822135246
-18 0.3149880911792418
8 0.007682636370225411
-11 0.0
-29 0.3610839094005943
-27 0.0
-18 0.0
8 0.007682636370225411
-7 0.0
-4 0.0
-34 0.3610839094005943
-18 0.0
10 0.007682636370225411
-11 0.0
-35 0.04609581822135246
-34 0.3149880911792418
-18 0.0
10 0.007682636370225411
-7 0.0
-4 0.0
1 0.0
-35 0.04609581822135246
-29 0.3149880911792418
-18 0.0
11 0.007682636370225411
-11 0.0
-35 0.04609581822135246
-29 0.3149880911792418
-27 0.0
11 0.007682636370225411
-7 0.0
-4 0.0
1 0.0
11 0.0
-35 0.04609581822135246
-26 0.13060481829383197
-33 0.05377845459157787
-34 0.13060481829383197
-24 0.0
13 0.007682636370225411
-31 0.04609581822135246
-34 0.3149880911792418
-20 0.0
11 0.007682636370225411
-30 0.0
-18 0.0
-6 0.0
-2 0.0
6 0.0
10 0.0
-30 0.030730545480901643
-18 0.33035336391969267
10 0.007682636370225411
-11 0.0
6 0.0
-30 0.030730545480901643
-29 0.33035336391969267
-27 0.0
-18 0.0
-2 0.007682636370225411
-30 0.030730545480901643
-34 0.33035336391969267
-18 0.0
8 0.007682636370225411
-4 0.0
-30 0.030730545480901643
6 0.15365272740450822
-6 0.0
-34 0.17670063651518444
-18 0.0
8 0.007682636370225411
-31 0.0
-19 0.0
-11 0.0
-7 0.0
-4 0.0
5 0.0
8 0.0
-31 0.030730545480901643
-18 0.33035336391969267
-11 0.007682636370225411
-31 0.030730545480901643
-29 0.33035336391969267
-27 0.0
-18 0.0
-7 0.007682636370225411
-4 0.0
-31 0.030730545480901643
-34 0.33035336391969267
-18 0.0
6 0.007682636370225411
-6 0.0
-31 0.030730545480901643
5 0.15365272740450822
-7 0.0
-34 0.17670063651518444
-18 0.0
6 0.007682636370225411
-33 0.0
-21 0.0
-9 0.0
-6 0.0
3 0.0
6 0.0
-33 0.04609581822135246
-18 0.3149880911792418
-14 0.007682636370225411
-33 0.04609581822135246
-29 0.3149880911792418
-27 0.0
-18 0.0
-9 0.007682636370225411
-6 0.0
-33 0.04609581822135246
-34 0.3149880911792418
-27 0.0
1 0.007682636370225411
-14 0.0
-38 0.04609581822135246
1 0.1382874546640574
-34 0.17670063651518444
-20 0.0
2 0.007682636370225411
-25 0.0
-10 0.0
-6 0.0
-1 0.0
2 0.0
-37 0.04609581822135246
4 0.32267072754946724
-13 0.0
2 0.18438327288540984
4 0.18438327288540984
-10 0.0
-6 0.0
2 0.18438327288540984
4 0.18438327288540984
-13 0.0
2 0.18438327288540984
-34 0.17670063651518444
-20 0.0
1 0.007682636370225411
-30 0.0
-18 0.0
-6 0.0
1 0.0
-42 0.04609581822135246
-30 0.0
-6 0.32267072754946724
-2 0.3687665457708197
1 0.3687665457708197
-1 0.3687665457708197
3 0.0
-1 0.0
3 0.0
6 0.0
11 0.0
6 0.3687665457708197
-2 0.3687665457708197
1 0.0
-2 0.0
1 0.0
6 0.3687665457708197
-3 0.3687665457708197
0 0.0
-3 0.0
0 0.0
-27 0.3610839094005943
6 0.007682636370225411
-29 0.3610839094005943
-4 0.007682636370225411
-1 0.0
-4 0.0
-1 0.0
-26 0.17670063651518444
-24 0.18438327288540984
6 0.007682636370225411
-34 0.3610839094005943
-20 0.0
-35 0.007682636370225411
-23 0.0
-11 0.0
-35 0.0
-16 0.3687665457708197
-27 0.3534012730303689
-29 0.007682636370225411
-11 0.007682636370225411
-34 0.3534012730303689
-27 0.007682636370225411
-7 0.007682636370225411
-35 0.015365272740450821
-35 0.34571863666014346
-34 0.0
-27 0.0
-2 0.007682636370225411
10 0.0
-27 0.3610839094005943
-16 0.007682636370225411
-29 0.3610839094005943
-27 0.0
-4 0.007682636370225411
8 0.0
-27 0.3610839094005943
-16 0.007682636370225411
-35 0.3610839094005943
-34 0.0
-27 0.0
-35 0.007682636370225411
-11 0.0
-7 0.0
-27 0.3610839094005943
-16 0.007682636370225411
-29 0.3610839094005943
-27 0.0
-11 0.007682636370225411
-35 0.3610839094005943
-34 0.0
-27 0.0
-7 0.007682636370225411
-35 0.3610839094005943
-34 0.0
-27 0.0
-2 0.007682636370225411
10 0.0
-27 0.3610839094005943
-16 0.007682636370225411
-40 0.3610839094005943
-29 0.0
-27 0.0
-4 0.007682636370225411
8 0.0
-27 0.17670063651518444
-23 0.18438327288540984
-16 0.007682636370225411
-7 0.3610839094005943
-35 0.0
-34 0.0
-20 0.0
-35 0.007682636370225411
-23 0.0
-11 0.0
-7 0.0
-27 0.3610839094005943
-16 0.007682636370225411
-29 0.3610839094005943
-27 0.0
-11 0.007682636370225411
-35 0.3610839094005943
-34 0.0
-27 0.0
-7 0.007682636370225411
-35 0.3610839094005943
-34 0.0
-27 0.0
-2 0.007682636370225411
10 0.0
-27 0.3610839094005943
-16 0.007682636370225411
-29 0.3610839094005943
-27 0.0
-4 0.007682636370225411
8 0.0
-27 0.3610839094005943
-16 0.007682636370225411
-11 0.015365272740450821
-9 0.3380360002899181
-38 0.007682636370225411
-34 0.0
-27 0.0
-26 0.007682636370225411
-11 0.0
-7 0.0
-7 0.33035336391969267
-27 0.030730545480901643
-14 0.007682636370225411
-29 0.3610839094005943
-27 0.0
-11 0.007682636370225411
-38 0.3610839094005943
-34 0.0
-27 0.0
-7 0.007682636370225411
-38 0.3610839094005943
-34 0.0
-27 0.0
0 0.007682636370225411
12 0.0
-27 0.3610839094005943
-14 0.007682636370225411
-29 0.3610839094005943
-27 0.0
-2 0.007682636370225411
10 0.0
-27 0.3610839094005943
-7 0.007682636370225411
-7 0.007682636370225411
-33 0.3534012730303689
-34 0.0
-27 0.0
-6 0.007682636370225411
-33 0.0
-21 0.0
-9 0.0
-6 0.0
-27 0.3610839094005943
-9 0.007682636370225411
-4 0.007682636370225411
-6 0.17670063651518444
-29 0.17670063651518444
-27 0.0
-6 0.007682636370225411
-7 0.18438327288540984
-33 0.17670063651518444
-34 0.0
-27 0.0
-2 0.007682636370225411
-9 0.030730545480901643
-33 0.33035336391969267
-34 0.0
-27 0.0
5 0.007682636370225411
17 0.0
-27 0.3610839094005943
-9 0.007682636370225411
-29 0.3610839094005943
-27 0.0
3 0.007682636370225411
15 0.0
-9 0.34571863666014346
-38 0.015365272740450821
-27 0.0
-6 0.007682636370225411
-7 0.16901800014495905
-33 0.19206590925563527
-34 0.0
-27 0.0
-33 0.007682636370225411
-21 0.0
-2 0.0
-6 0.007682636370225411
-4 0.33035336391969267
-27 0.02304790911067623
-9 0.007682636370225411
-33 0.18438327288540984
-6 0.015365272740450821
-29 0.16133536377473362
-27 0.0
-6 0.007682636370225411
-7 0.11523954555338116
-38 0.24584436384721314
-34 0.0
-23 0.0
-2 0.007682636370225411
-7 0.007682636370225411
-39 0.16901800014495905
-9 0.16901800014495905
-40 0.015365272740450821
-34 0.0
-27 0.0
-28 0.007682636370225411
-16 0.0
0 0.0
-29 0.3610839094005943
-6 0.007682636370225411
-40 0.3610839094005943
-27 0.0
-26 0.0
-4 0.007682636370225411
-24 0.17670063651518444
-34 0.18438327288540984
3 0.007682636370225411
-35 0.3610839094005943
-34 0.0
-20 0.0
-23 0.007682636370225411
-11 0.0
-7 0.0
-7 0.007682636370225411
-27 0.3534012730303689
-16 0.007682636370225411
-29 0.3610839094005943
-27 0.0
-11 0.007682636370225411
-35 0.3610839094005943
-34 0.0
-27 0.0
-9 0.007682636370225411
-7 0.0
-11 0.17670063651518444
-9 0.17670063651518444
-35 0.007682636370225411
-34 0.0
-27 0.0
-2 0.007682636370225411
10 0.0
-7 0.19974854562586067
-27 0.16133536377473362
-16 0.007682636370225411
-29 0.3610839094005943
-27 0.0
-4 0.007682636370225411
8 0.0
-4 0.3534012730303689
-27 0.007682636370225411
-16 0.007682636370225411
-2 0.3534012730303689
-38 0.007682636370225411
-34 0.0
-27 0.0
-26 0.007682636370225411
-11 0.0
-7 0.0
-9 0.08450900007247952
-27 0.2765749093281148
-14 0.007682636370225411
-4 0.25352700021743857
-2 0.07682636370225411
-35 0.030730545480901643
-29 0.0
-27 0.0
-11 0.007682636370225411
-31 0.3610839094005943
-34 0.0
-27 0.0
-7 0.007682636370225411
-26 0.3610839094005943
-34 0.0
-27 0.0
0 0.007682636370225411
12 0.0
-27 0.3610839094005943
-14 0.007682636370225411
-29 0.3610839094005943
-27 0.0
-2 0.007682636370225411
10 0.0
-4 0.3149880911792418
-31 0.04609581822135246
-34 0.0
-26 0.0
-14 0.007682636370225411
-2 0.1382874546640574
-33 0.22279645473653692
-34 0.0
-20 0.0
-21 0.007682636370225411
-9 0.0
-6 0.0
1 0.038413181851127055
-23 0.32267072754946724
-14 0.007682636370225411
1 0.0691437273320287
-29 0.2919401820685656
-23 0.0
-9 0.007682636370225411
1 0.038413181851127055
1 0.24584436384721314
-34 0.07682636370225411
-34 0.0
-20 0.0
-22 0.007682636370225411
-14 0.0
-6 0.0
1 0.2151138183663115
-35 0.1459700910342828
-34 0.0
-20 0.0
-23 0.007682636370225411
-11 0.0
-6 0.0
-2 0.18438327288540984
-23 0.17670063651518444
-14 0.007682636370225411
-2 0.11523954555338116
-34 0.061461090961803286
-36 0.18438327288540984
-29 0.0
-20 0.0
-24 0.007682636370225411
-12 0.0
-6 0.0
-7 0.007682636370225411
-34 0.3534012730303689
-23 0.0
-14 0.007682636370225411
-9 0.19206590925563527
-37 0.16901800014495905
-34 0.0
-20 0.0
-25 0.007682636370225411
-11 0.0
-6 0.0
-23 0.3610839094005943
-13 0.007682636370225411
-29 0.3610839094005943
-23 0.0
-9 0.007682636370225411
-6 0.0
-34 0.3610839094005943
-23 0.0
-13 0.007682636370225411
-38 0.3610839094005943
-29 0.0
-23 0.0
-26 0.007682636370225411
-11 0.0
-6 0.0
-34 0.3610839094005943
-14 0.007682636370225411
-35 0.3610839094005943
-29 0.0
-27 0.0
-28 0.007682636370225411
-13 0.0
-6 0.0
-26 0.17670063651518444
-34 0.18438327288540984
-24 0.0
-16 0.007682636370225411
-30 0.3610839094005943
-34 0.0
-20 0.0
-30 0.007682636370225411
-18 0.0
-11 0.0
-6 0.0
-2 0.0
1 0.0
6 0.0
-2 0.007682636370225411
-18 0.3534012730303689
-14 0.007682636370225411
-30 0.3610839094005943
-29 0.0
-27 0.0
-18 0.0
-11 0.007682636370225411
-6 0.0
-2 0.0
-30 0.3610839094005943
-34 0.0
-18 0.0
-14 0.007682636370225411
-30 0.3610839094005943
-34 0.0
-18 0.0
-11 0.007682636370225411
-6 0.0
-2 0.0
-30 0.3610839094005943
-18 0.0
-14 0.007682636370225411
-31 0.3610839094005943
-29 0.0
-27 0.0
-18 0.0
-31 0.007682636370225411
-19 0.0
-11 0.0
-7 0.0
-4 0.0
5 0.0
8 0.0
-4 0.007682636370225411
-31 0.3534012730303689
-18 0.0
-16 0.007682636370225411
-2 0.007682636370225411
-33 0.3534012730303689
-34 0.0
-18 0.0
-33 0.007682636370225411
-21 0.0
-9 0.0
-6 0.0
3 0.0
6 0.0
-33 0.3610839094005943
-18 0.0
-9 0.007682636370225411
-33 0.3610839094005943
-29 0.0
-27 0.0
-18 0.0
-6 0.007682636370225411
10 0.0
-38 0.3610839094005943
-34 0.0
-18 0.0
-2 0.007682636370225411
-33 0.3610839094005943
-34 0.0
-18 0.0
-7 0.007682636370225411
5 0.0
0 0.0
2 0.0
5 0.0
-33 0.3610839094005943
-18 0.0
-6 0.007682636370225411
-33 0.3610839094005943
-29 0.0
-27 0.0
-18 0.0
-9 0.007682636370225411
3 0.0
3 0.0
6 0.0
-33 0.17670063651518444
-2 0.16901800014495905
-38 0.015365272740450821
-34 0.0
-18 0.0
-2 0.007682636370225411
3 0.0691437273320287
6 0.09219163644270492
-39 0.015365272740450821
10 0.07682636370225411
-40 0.10755690918315575
-34 0.0
-18 0.0
-28 0.007682636370225411
-16 0.0
-4 0.0
-1 0.0
-1 0.0
8 0.0
-40 0.3610839094005943
-18 0.0
-9 0.007682636370225411
-40 0.3610839094005943
-29 0.0
-27 0.0
-18 0.0
-4 0.007682636370225411
-1 0.0
3 0.0
10 0.1382874546640574
8 0.22279645473653692
-28 0.0
-34 0.0
-18 0.0
-29 0.007682636370225411
-17 0.0
-9 0.0
-5 0.0
-29 0.17670063651518444
8 0.0691437273320287
-30 0.11523954555338116
-34 0.0
-18 0.0
-30 0.007682636370225411
-18 0.0
-6 0.0
-1 0.0
-2 0.0
-30 0.3610839094005943
-18 0.0
-9 0.007682636370225411
-31 0.3610839094005943
-29 0.0
-27 0.0
-18 0.0
-31 0.007682636370225411
-19 0.0
-7 0.0
-1 0.0
3 0.0
-1 0.0
-31 0.3610839094005943
-34 0.0
-18 0.0
-9 0.007682636370225411
1 0.1382874546640574
-33 0.038413181851127055
-35 0.18438327288540984
-34 0.0
-18 0.0
-35 0.007682636370225411
-23 0.0
-7 0.0
-3 0.0
1 0.0
1 0.0
5 0.0
1 0.030730545480901643
-35 0.33035336391969267
-18 0.0
8 0.007682636370225411
-11 0.0
-35 0.3610839094005943
-29 0.0
-27 0.0
-18 0.0
-7 0.007682636370225411
-4 0.0
8 0.007682636370225411
-35 0.3534012730303689
-34 0.0
-18 0.0
-11 0.007682636370225411
10 0.015365272740450821
-35 0.34571863666014346
-34 0.0
-18 0.0
-7 0.007682636370225411
-4 0.0
1 0.0
3 0.0
6 0.0
10 0.030730545480901643
-35 0.33035336391969267
-29 0.0
-18 0.0
-11 0.007682636370225411
11 0.02304790911067623
-35 0.3380360002899181
-29 0.0
-27 0.0
-7 0.007682636370225411
-4 0.0
1 0.0
5 0.0
8 0.0
11 0.02304790911067623
-33 0.15365272740450822
-26 0.0
-31 0.18438327288540984
-34 0.0
-24 0.0
-30 0.3687665457708197
-34 0.0
-20 0.0
-30 0.007682636370225411
-18 0.0
-11 0.0
-6 0.0
-2 0.0
6 0.0
10 0.0
10 0.33035336391969267
-18 0.030730545480901643
-2 0.3534012730303689
-29 0.015365272740450821
-27 0.0
-18 0.0
-18 0.007682636370225411
-11 0.0
-2 0.0
1 0.0
6 0.0
-4 0.3380360002899181
-2 0.007682636370225411
-30 0.015365272740450821
-34 0.0
-18 0.0
-4 0.007682636370225411
-6 0.16901800014495905
-6 0.015365272740450821
-4 0.15365272740450822
1 0.007682636370225411
-31 0.015365272740450821
-34 0.0
-18 0.0
-31 0.007682636370225411
-11 0.0
-7 0.0
-4 0.0
1 0.0
8 0.0
-6 0.16901800014495905
1 0.17670063651518444
-18 0.015365272740450821
-29 0.3687665457708197
-27 0.0
-18 0.0
-19 0.007682636370225411
-4 0.0
5 0.0
-31 0.3610839094005943
-2 0.0
-34 0.0
-18 0.0
-2 0.007682636370225411
-33 0.3610839094005943
3 0.0
-2 0.0
-34 0.0
-18 0.0
-33 0.007682636370225411
-9 0.0
-6 0.0
-2 0.0
3 0.0
-2 0.0
6 0.0
3 0.3610839094005943
-18 0.0
-29 0.3687665457708197
-27 0.0
-18 0.0
-21 0.007682636370225411
3 0.0
10 0.0
-33 0.3610839094005943
-34 0.0
-18 0.0
3 0.3534012730303689
-33 0.015365272740450821
-34 0.0
-18 0.0
-33 0.007682636370225411
-9 0.0
-6 0.0
-2 0.0
3 0.0
6 0.0
15 0.0
3 0.34571863666014346
-18 0.015365272740450821
-7 0.007682636370225411
5 0.0
6 0.17670063651518444
-6 0.007682636370225411
-38 0.17670063651518444
-29 0.0
-27 0.0
-18 0.0
-21 0.007682636370225411
-9 0.0
-2 0.0
3 0.0
10 0.0
5 0.0
3 0.038413181851127055
6 0.1382874546640574
-39 0.18438327288540984
-34 0.0
-18 0.0
-7 0.007682636370225411
5 0.007682636370225411
3 0.030730545480901643
-26 0.1459700910342828
-6 0.0
6 0.0
-40 0.17670063651518444
-34 0.0
-20 0.0
-28 0.007682636370225411
-4 0.0
-1 0.0
8 0.0
11 0.0
5 0.007682636370225411
8 0.030730545480901643
6 0.1459700910342828
-18 0.17670063651518444
8 0.04609581822135246
-29 0.32267072754946724
-27 0.0
-18 0.0
-16 0.007682636370225411
7 0.0
-28 0.3610839094005943
-34 0.0
-29 0.007682636370225411
-17 0.0
-9 0.0
-5 0.0
3 0.0
3 0.02304790911067623
-29 0.15365272740450822
8 0.15365272740450822
-30 0.030730545480901643
-34 0.0
-18 0.0
-30 0.007682636370225411
-6 0.0
-1 0.0
3 0.0
6 0.0
3 0.02304790911067623
10 0.16133536377473362
8 0.1459700910342828
11 0.0691437273320287
13 0.15365272740450822
10 0.0
13 0.16901800014495905
-31 0.007682636370225411
-29 0.0
-27 0.0
-18 0.0
-19 0.007682636370225411
-9 0.0
-7 0.0
3 0.0
5 0.0
11 0.030730545480901643
13 0.15365272740450822
13 0.16901800014495905
-18 0.007682636370225411
-35 0.3687665457708197
-34 0.0
-20 0.0
-35 0.007682636370225411
-23 0.0
-11 0.0
-7 0.0
-4 0.0
1 0.0
1 0.0
13 0.0
-18 0.3610839094005943
11 0.0691437273320287
13 0.13060481829383197
11 0.13060481829383197
-29 0.038413181851127055
-27 0.0
-18 0.0
-23 0.007682636370225411
3 0.0
6 0.0
7 0.0
11 0.061461090961803286
10 0.007682636370225411
6 0.11523954555338116
13 0.007682636370225411
11 0.007682636370225411
10 0.09987427281293033
11 0.02304790911067623
-35 0.038413181851127055
-34 0.0
-18 0.0
-35 0.007682636370225411
-11 0.0
8 0.05377845459157787
10 0.015365272740450821
10 0.0691437273320287
11 0.061461090961803286
8 0.038413181851127055
10 0.061461090961803286
-35 0.061461090961803286
6 0.0
-34 0.0
-18 0.0
-35 0.007682636370225411
-7 0.0
5 0.0
8 0.0
8 0.05377845459157787
8 0.0691437273320287
10 0.015365272740450821
6 0.0691437273320287
8 0.030730545480901643
5 0.07682636370225411
6 0.04609581822135246
-29 0.0
-27 0.0
-18 0.0
-4 0.007682636370225411
6 0.02304790911067623
5 0.09219163644270492
8 0.007682636370225411
6 0.08450900007247952
3 0.007682636370225411
5 0.09987427281293033
1 0.02304790911067623
-29 0.02304790911067623
-23 0.007682636370225411
-11 0.0
1 0.0
11 0.0
6 0.02304790911067623
5 0.09219163644270492
-33 0.061461090961803286
-26 0.0
-18 0.0
-4 0.007682636370225411
3 0.030730545480901643
1 0.12292218192360657
-31 0.02304790911067623
-34 0.0
-27 0.0
-24 0.0
-35 0.007682636370225411
-30 0.3610839094005943
-34 0.0
-20 0.0
-30 0.007682636370225411
-11 0.0
-6 0.0
-2 0.0
1 0.0
6 0.0
10 0.0
1 0.23816172747698774
3 0.16901800014495905
5 0.15365272740450822
1 0.04609581822135246
6 0.10755690918315575
-30 0.015365272740450821
-29 0.0
-27 0.0
-18 0.0
-18 0.007682636370225411
13 0.0
3 0.038413181851127055
8 0.07682636370225411
5 0.07682636370225411
10 0.04609581822135246
6 0.10755690918315575
-30 0.015365272740450821
-34 0.0
-18 0.0
-30 0.007682636370225411
-11 0.0
-6 0.0
-2 0.0
1 0.0
11 0.0
13 0.11523954555338116
8 0.0
10 0.12292218192360657
-31 0.12292218192360657
-34 0.0
-20 0.0
-31 0.007682636370225411
-7 0.0
-4 0.0
5 0.0
8 0.0
11 0.0
13 0.11523954555338116
1 0.12292218192360657
3 0.12292218192360657
-18 0.0
-11 0.007682636370225411
5 0.1382874546640574
-7 0.04609581822135246
1 0.05377845459157787
6 0.038413181851127055
-31 0.08450900007247952
3 0.0
-29 0.0
-27 0.0
-18 0.0
-19 0.007682636370225411
13 0.0
8 0.038413181851127055
5 0.09987427281293033
-11 0.04609581822135246
-4 0.0
1 0.0
10 0.0
6 0.09219163644270492
11 0.05377845459157787
-31 0.030730545480901643
-34 0.0
-18 0.0
-26 0.007682636370225411
8 0.038413181851127055
13 0.05377845459157787
-2 0.09219163644270492
10 0.0
11 0.1459700910342828
-33 0.030730545480901643
-34 0.0
-20 0.0
-33 0.007682636370225411
-9 0.0
-6 0.0
-2 0.0
3 0.0
3 0.0
6 0.0
13 0.09219163644270492
-18 0.26889227295788937
-29 0.3687665457708197
-27 0.0
-18 0.0
-21 0.007682636370225411
13 0.0
-38 0.3610839094005943
-34 0.0
-18 0.0
-7 0.007682636370225411
5 0.0
-35 0.17670063651518444
-6 0.007682636370225411
6 0.0
-33 0.17670063651518444
-34 0.0
-18 0.0
-33 0.007682636370225411
-9 0.0
-2 0.0
3 0.0
1 0.0
5 0.0
8 0.0
3 0.0
5 0.0
6 0.18438327288540984
-18 0.17670063651518444
-7 0.007682636370225411
5 0.0
3 0.0
6 0.16133536377473362
-6 0.02304790911067623
-38 0.17670063651518444
-29 0.0
-27 0.0
-18 0.0
-21 0.007682636370225411
-9 0.0
-2 0.0
3 0.0
3 0.0
6 0.0
13 0.0
5 0.0
3 0.015365272740450821
6 0.1459700910342828
-39 0.19974854562586067
5 0.0
-34 0.0
-18 0.0
-7 0.007682636370225411
3 0.015365272740450821
6 0.1459700910342828
-26 0.02304790911067623
-6 0.0
-40 0.17670063651518444
5 0.0
-34 0.0
-20 0.0
-28 0.007682636370225411
-9 0.0
-4 0.0
-1 0.0
3 0.0
-4 0.0
3 0.0
8 0.0
11 0.0
8 0.015365272740450821
6 0.1459700910342828
-18 0.19974854562586067
8 0.02304790911067623
-29 0.34571863666014346
-27 0.0
-18 0.0
-16 0.007682636370225411
-4 0.299622818438791
-28 0.061461090961803286
-29 0.0
-4 0.007682636370225411
8 0.0
-16 0.0
-4 0.0
8 0.0
20 0.0
-2 0.16901800014495905
-29 0.007682636370225411
-29 0.0
-17 0.007682636370225411
-2 0.0
10 0.0
-17 0.0
-5 0.0
10 0.0
22 0.0
-4 0.11523954555338116
-30 0.061461090961803286
-34 0.0
-20 0.0
-18 0.007682636370225411
-6 0.0
-1 0.0
11 0.0
-18 0.0
-6 0.0
-1 0.0
6 0.0
11 0.0
23 0.0
-1 0.04609581822135246
-2 0.12292218192360657
-1 0.24584436384721314
8 0.2842575456983402
-31 0.030730545480901643
-29 0.0
-12 0.0
-19 0.007682636370225411
-7 0.0
8 0.0
20 0.0
-19 0.0
-7 0.0
8 0.0
20 0.0
8 0.33035336391969267
-32 0.39949709125172134
-1 0.0
-34 0.0
-20 0.0
-20 0.007682636370225411
-8 0.0
-1 0.0
11 0.0
-20 0.0
-8 0.0
-1 0.0
11 0.0
-1 0.3610839094005943
-29 0.3687665457708197
-18 0.0
-32 0.18438327288540984
-34 0.0
-17 0.0
-8 0.007682636370225411
4 0.0
16 0.0
4 0.0
16 0.0
4 0.05377845459157787
-33 0.2151138183663115
-34 0.0
-20 0.0
-21 0.007682636370225411
-9 0.0
4 0.0
16 0.0
4 0.0
-21 0.09219163644270492
-9 0.0
4 0.0
16 0.0
4 0.05377845459157787
-34 0.12292218192360657
-34 0.0
-12 0.0
-22 0.007682636370225411
-10 0.0
4 0.0
16 0.0
-22 0.0
-10 0.0
4 0.0
16 0.0
4 0.030730545480901643
4 0.061461090961803286
4 0.30730545480901644
-8 0.32267072754946724
-35 0.007682636370225411
-29 0.0
-26 0.0
-20 0.0
-23 0.007682636370225411
-11 0.0
-8 0.0
4 0.0
-23 0.0
-11 0.0
-8 0.0
4 0.0
-8 0.3534012730303689
-36 0.3764491821410451
-36 0.007682636370225411
-24 0.0
0 0.0
7 0.0
12 0.0
-36 0.0
-24 0.0
-12 0.0
-29 0.0
-29 0.038413181851127055
-12 0.33035336391969267
-8 0.0
-5 0.0
12 0.015365272740450821
12 0.34571863666014346
-12 0.007682636370225411
-8 0.0
-5 0.0
12 0.34571863666014346
-12 0.02304790911067623
-8 0.0
-5 0.0
12 0.3380360002899181
-12 0.030730545480901643
-8 0.0
-5 0.0
12 0.34571863666014346
-12 0.02304790911067623
-8 0.0
-5 0.0
12 0.34571863666014346
-12 0.02304790911067623
-8 0.0
-5 0.0
12 0.34571863666014346
-12 0.02304790911067623
-8 0.0
-5 0.0
12 0.3610839094005943
-12 0.007682636370225411
-7 0.0
-3 0.0
5 0.0
12 0.34571863666014346
-12 0.02304790911067623
-8 0.0
-5 0.0
4 0.0
-12 0.18438327288540984
-8 0.0
-5 0.0
4 0.0
12 0.16133536377473362
-12 0.02304790911067623
-9 0.0
-6 0.0
2 0.0
3 0.0
3 0.18438327288540984
12 0.16901800014495905
-12 0.015365272740450821
-8 0.0
-5 0.0
4 0.0
4 0.18438327288540984
12 0.16133536377473362
-12 0.02304790911067623
-7 0.0
-3 0.0
5 0.0
5 0.18438327288540984
12 0.15365272740450822
-12 0.030730545480901643
-8 0.0
-5 0.0
4 0.0
-12 0.18438327288540984
-8 0.0
-5 0.0
4 0.0
12 0.16901800014495905
-12 0.015365272740450821
-9 0.0
-6 0.0
3 0.0
12 0.3534012730303689
-32 0.007682636370225411
19 0.007682636370225411
-12 0.0
-8 0.0
-5 0.0
-5 0.0
0 0.0
4 0.0
7 0.0
12 0.0
7 0.0
-32 0.17670063651518444
19 0.007682636370225411
-12 0.0
-8 0.0
-5 0.0
-5 0.0
0 0.0
4 0.0
7 0.0
12 0.0
7 0.0
-31 0.17670063651518444
12 0.0
24 0.007682636370225411
-12 0.0
-7 0.0
-3 0.0
0 0.0
-7 0.0
-3 0.0
0 0.0
5 0.0
9 0.0
12 0.0
12 0.0
-32 0.3610839094005943
19 0.007682636370225411
-12 0.0
-8 0.0
-5 0.0
-8 0.0
-5 0.0
0 0.0
4 0.0
7 0.0
12 0.0
7 0.0
12 0.02304790911067623
-32 0.15365272740450822
19 0.007682636370225411
-12 0.0
-8 0.0
-5 0.0
-8 0.0
-5 0.0
0 0.0
4 0.0
7 0.0
12 0.0
7 0.0
-31 0.17670063651518444
24 0.007682636370225411
-12 0.0
-7 0.0
-3 0.0
0 0.0
-7 0.0
-3 0.0
0 0.0
5 0.0
9 0.0
12 0.0
12 0.0
12 0.030730545480901643
-32 0.33035336391969267
19 0.007682636370225411
-12 0.0
-8 0.0
-5 0.0
-8 0.0
-5 0.0
4 0.0
7 0.0
7 0.0
12 0.030730545480901643
-32 0.1459700910342828
19 0.007682636370225411
-12 0.0
-8 0.0
-5 0.0
0 0.0
-8 0.0
-5 0.0
0 0.0
4 0.0
7 0.0
12 0.0
7 0.0
-33 0.17670063651518444
18 0.007682636370225411
-12 0.0
-9 0.0
-6 0.0
0 0.0
-9 0.0
-6 0.0
0 0.0
3 0.0
6 0.0
6 0.0
12 0.030730545480901643
-33 0.1459700910342828
18 0.007682636370225411
-12 0.0
-9 0.0
-6 0.0
0 0.0
-9 0.0
-6 0.0
0 0.0
3 0.0
6 0.0
6 0.0
-32 0.17670063651518444
19 0.007682636370225411
-12 0.0
-8 0.0
-5 0.0
0 0.0
-8 0.0
-5 0.0
0 0.0
4 0.0
7 0.0
7 0.0
12 0.02304790911067623
-31 0.3380360002899181
21 0.007682636370225411
-12 0.0
-7 0.0
-3 0.0
0 0.0
-7 0.0
-3 0.0
0 0.0
5 0.0
9 0.0
9 0.0
12 0.02304790911067623
-32 0.3380360002899181
19 0.007682636370225411
-12 0.0
-8 0.0
-5 0.0
0 0.0
-8 0.0
-5 0.0
0 0.0
4 0.0
7 0.0
7 0.0
12 0.030730545480901643
-33 0.33035336391969267
-34 0.0
-24 0.0
-22 0.0
-21 0.007682636370225411
-14 0.0
-9 0.0
-5 0.0
-2 0.0
-9 0.0
-5 0.0
-2 0.0
3 0.0
7 0.0
-33 0.0
-21 0.0
12 0.02304790911067623
19 0.007682636370225411
7 0.015365272740450821
-14 0.10755690918315575
-21 0.007682636370225411
-9 0.0
-2 0.0
-5 0.007682636370225411
-33 0.007682636370225411
-34 0.0
-24 0.0
-9 0.007682636370225411
-5 0.0
-2 0.0
3 0.0
7 0.0
-33 0.0
-21 0.0
7 0.02304790911067623
19 0.0
12 0.0
-9 0.1382874546640574
-21 0.007682636370225411
-14 0.0
-2 0.0
-5 0.007682636370225411
-33 0.0
-34 0.0
-24 0.0
12 0.0
-9 0.007682636370225411
-5 0.0
-2 0.0
3 0.0
7 0.0
19 0.0
-33 0.0
-21 0.0
7 0.015365272740450821
-21 0.1382874546640574
-14 0.007682636370225411
-9 0.0
-2 0.0
12 0.0
-5 0.007682636370225411
7 0.0
19 0.0
-38 0.007682636370225411
-34 0.0
-24 0.0
-9 0.007682636370225411
-5 0.0
-2 0.0
3 0.0
7 0.0
-33 0.0
-21 0.0
-22 0.17670063651518444
-34 0.0
-34 0.0
-26 0.0
-14 0.007682636370225411
-10 0.0
-7 0.0
-2 0.0
-10 0.0
-7 0.0
-2 0.0
2 0.0
5 0.0
12 0.0
-33 0.0
-21 0.0
5 0.007682636370225411
17 0.0
-22 0.34571863666014346
-14 0.007682636370225411
-2 0.0
-34 0.0
-34 0.0
-26 0.0
-24 0.0
-10 0.007682636370225411
-7 0.0
-10 0.0
-7 0.0
-2 0.0
2 0.0
5 0.0
12 0.0
-33 0.0
-21 0.0
5 0.007682636370225411
17 0.0
-16 0.34571863666014346
-35 0.007682636370225411
-34 0.0
-26 0.0
12 0.0
-23 0.007682636370225411
-11 0.0
-7 0.0
-11 0.0
-4 0.0
1 0.0
5 0.0
8 0.0
17 0.0
-33 0.0
-21 0.0
-4 0.007682636370225411
5 0.007682636370225411
-7 0.1382874546640574
-16 0.007682636370225411
-11 0.0
12 0.0
-23 0.007682636370225411
-4 0.0
-36 0.007682636370225411
-34 0.0
-26 0.0
-11 0.007682636370225411
-4 0.0
1 0.0
5 0.0
8 0.0
5 0.0
17 0.0
-33 0.0
-21 0.0
12 0.1459700910342828
-7 0.007682636370225411
-16 0.007682636370225411
-11 0.0
-4 0.0
17 0.007682636370225411
-23 0.007682636370225411
-37 0.0
-34 0.0
-26 0.0
-4 0.007682636370225411
1 0.0
5 0.0
8 0.0
5 0.0
-33 0.0
-21 0.0
12 0.1459700910342828
-11 0.007682636370225411
-7 0.0
-4 0.007682636370225411
-23 0.007682636370225411
-3 0.0
5 0.0
17 0.0
-38 0.007682636370225411
-34 0.0
-26 0.0
-11 0.007682636370225411
1 0.0
5 0.0
8 0.0
-33 0.0
-21 0.0
12 0.15365272740450822
-3 0.015365272740450821
-19 0.007682636370225411
-15 0.0
-9 0.0
-7 0.0
-39 0.0
-34 0.0
-24 0.0
-19 0.007682636370225411
-7 0.0
3 0.0
5 0.0
9 0.0
9 0.0
-33 0.0
-21 0.0
21 0.015365272740450821
12 0.32267072754946724
-43 0.02304790911067623
-41 0.0
-34 0.0
-26 0.0
-19 0.007682636370225411
-7 0.0
3 0.0
5 0.0
9 0.0
-33 0.0
-21 0.0
9 0.007682636370225411
21 0.0
-19 0.007682636370225411
-15 0.0
-9 0.007682636370225411
-7 0.0
-3 0.0
-38 0.3380360002899181
-34 0.0
-29 0.0
-26 0.007682636370225411
-14 0.0
2 0.0
5 0.0
10 0.0
12 0.0
-33 0.0
-21 0.0
-19 0.007682636370225411
-2 0.0
10 0.0
22 0.0
-26 0.007682636370225411
-14 0.0
-10 0.0
-7 0.0
-3 0.030730545480901643
-10 0.32267072754946724
-2 0.0
-10 0.18438327288540984
-2 0.0
-9 0.18438327288540984
-2 0.0
-10 0.18438327288540984
-19 0.18438327288540984
-7 0.0
-7 0.0
5 0.0
-19 0.18438327288540984
-7 0.0
-7 0.0
5 0.0
-17 0.18438327288540984
-5 0.0
-5 0.0
7 0.0
-19 0.18438327288540984
-7 0.0
-7 0.0
5 0.0
-10 0.18438327288540984
-2 0.0
-10 0.18438327288540984
-2 0.0
-9 0.18438327288540984
-2 0.0
-10 0.18438327288540984
-19 0.18438327288540984
-7 0.0
-9 0.0
5 0.0
-19 0.18438327288540984
-7 0.0
5 0.0
-17 0.18438327288540984
-5 0.0
-5 0.0
7 0.0
-19 0.18438327288540984
-7 0.0
-7 0.0
5 0.0
-7 0.18438327288540984
5 0.0
-14 0.0
-10 0.0
-2 0.0
-7 0.18438327288540984
5 0.0
-14 0.0
-10 0.0
-2 0.0
-5 0.18438327288540984
7 0.0
-12 0.0
-9 0.0
-2 0.0
-7 0.18438327288540984
5 0.0
-14 0.0
-10 0.0
-9 0.18438327288540984
3 0.0
-15 0.0
-12 0.0
-10 0.18438327288540984
2 0.0
-17 0.0
-14 0.0
-12 0.18438327288540984
0 0.0
-19 0.0
-15 0.0
-7 0.0
-3 0.0
15 0.3687665457708197
3 0.0
3 0.0
3 0.0
15 0.18438327288540984
3 0.0
3 0.0
3 0.0
15 0.18438327288540984
3 0.0
3 0.0
3 0.0
12 0.18438327288540984
0 0.0
0 0.0
0 0.0
8 0.3687665457708197
-4 0.0
-4 0.0
-4 0.0
5 0.3687665457708197
-7 0.0
-7 0.0
-7 0.0
3 0.3687665457708197
-9 0.0
-9 0.0
-9 0.0
-8 0.5531498186562296
-4 0.0
-1 0.0
4 0.0
-20 0.0
-13 0.0
-8 0.0
-9 0.3687665457708197
-5 0.0
-2 0.0
3 0.0
-21 0.0
-14 0.0
-9 0.0
-9 0.18438327288540984
-5 0.0
-2 0.0
3 0.0
-21 0.0
-14 0.0
-9 0.0
-10 0.18438327288540984
-6 0.0
-3 0.0
2 0.0
-22 0.0
-15 0.0
-10 0.0
-9 0.3687665457708197
-5 0.0
-2 0.0
3 0.0
-21 0.0
-14 0.0
-9 0.0
-8 0.3687665457708197
-4 0.0
-1 0.0
4 0.0
-20 0.0
-13 0.0
-8 0.0
-9 0.3687665457708197
-5 0.0
-2 0.0
3 0.0
-21 0.0
-14 0.0
-9 0.0
-9 0.18438327288540984
-5 0.0
-2 0.0
3 0.0
-21 0.0
-14 0.0
-9 0.0
-10 0.18438327288540984
-6 0.0
-3 0.0
2 0.0
-22 0.0
-15 0.0
-10 0.0
-9 0.3687665457708197
-5 0.0
-2 0.0
3 0.0
-21 0.0
-14 0.0
-9 0.0
-40 0.3610839094005943
-34 0.0
-26 0.0
-28 0.007682636370225411
-16 0.0
-4 0.0
1 0.0
5 0.0
-16 0.0
-4 0.0
1 0.0
5 0.0
5 0.0
17 0.0
5 0.0
-33 0.0
-21 0.0
12 0.038413181851127055
-40 0.32267072754946724
-34 0.0
-26 0.0
-28 0.007682636370225411
-16 0.0
-4 0.0
0 0.0
3 0.0
-16 0.0
-4 0.0
0 0.0
3 0.0
3 0.0
15 0.0
3 0.0
-33 0.0
-21 0.0
12 0.02304790911067623
-40 0.15365272740450822
-34 0.0
-26 0.0
-28 0.007682636370225411
-16 0.0
-4 0.0
0 0.0
3 0.0
-16 0.0
-4 0.0
0 0.0
3 0.0
3 0.0
15 0.0
3 0.0
12 0.02304790911067623
-40 0.15365272740450822
-34 0.0
-26 0.0
-28 0.007682636370225411
-16 0.0
-4 0.0
-1 0.0
2 0.0
-16 0.0
-4 0.0
-1 0.0
2 0.0
2 0.0
14 0.0
2 0.0
-33 0.0
-21 0.0
12 0.030730545480901643
-40 0.33035336391969267
-34 0.0
-26 0.0
-28 0.007682636370225411
-16 0.0
-4 0.0
0 0.0
3 0.0
-16 0.0
-4 0.0
0 0.0
3 0.0
3 0.0
15 0.0
3 0.0
-33 0.0
-21 0.0
12 0.030730545480901643
-40 0.33035336391969267
-34 0.0
-24 0.0
-28 0.007682636370225411
-16 0.0
-4 0.0
1 0.0
5 0.0
-16 0.0
-4 0.0
1 0.0
5 0.0
5 0.0
17 0.0
5 0.0
-33 0.0
-21 0.0
12 0.02304790911067623
-40 0.15365272740450822
-34 0.0
-24 0.0
-28 0.007682636370225411
-16 0.0
-4 0.0
1 0.0
5 0.0
-16 0.0
-4 0.0
1 0.0
5 0.0
5 0.0
17 0.0
5 0.0
12 0.015365272740450821
-40 0.16133536377473362
-34 0.0
-26 0.0
-28 0.007682636370225411
-16 0.0
-4 0.0
0 0.0
3 0.0
-16 0.0
-4 0.0
0 0.0
3 0.0
3 0.0
15 0.0
3 0.0
-33 0.0
-21 0.0
12 0.015365272740450821
-40 0.34571863666014346
-34 0.0
-28 0.0
12 0.0
-28 0.007682636370225411
-16 0.0
-4 0.0
-1 0.0
2 0.0
-16 0.0
-4 0.0
-1 0.0
2 0.0
2 0.0
14 0.0
2 0.0
-33 0.0
-21 0.0
-40 0.17670063651518444
-34 0.0
-28 0.0
12 0.0
-28 0.007682636370225411
-16 0.0
-4 0.0
-1 0.0
2 0.0
-16 0.0
-4 0.0
-1 0.0
2 0.0
2 0.0
14 0.0
2 0.0
-40 0.17670063651518444
-34 0.0
-26 0.0
-28 0.007682636370225411
-16 0.0
-4 0.0
0 0.0
3 0.0
-16 0.0
-4 0.0
0 0.0
3 0.0
3 0.0
15 0.0
3 0.0
12 0.0
-33 0.0
-21 0.0
-35 0.3610839094005943
-34 0.0
-20 0.0
-23 0.007682636370225411
-11 0.0
-4 0.0
1 0.0
5 0.0
-11 0.0
-4 0.0
1 0.0
5 0.0
5 0.0
17 0.0
5 0.0
12 0.0
-33 0.0
-21 0.0
-35 0.3610839094005943
-34 0.0
-26 0.0
-23 0.007682636370225411
-11 0.0
-4 0.0
1 0.0
5 0.0
-11 0.0
-4 0.0
1 0.0
5 0.0
5 0.0
17 0.0
5 0.0
12 0.015365272740450821
-35 0.16133536377473362
-34 0.0
-26 0.0
12 0.0
7 0.007682636370225411
-11 0.0
-4 0.0
7 0.0
7 0.0
19 0.0
7 0.0
-36 0.17670063651518444
-34 0.0
-12 0.0
-24 0.007682636370225411
-12 0.0
-4 0.0
0 0.0
3 0.0
-12 0.0
-4 0.0
0 0.0
3 0.0
3 0.0
15 0.0
3 0.0
12 0.0
-33 0.0
-21 0.0
-36 0.3610839094005943
-34 0.0
-26 0.0
-24 0.007682636370225411
-12 0.0
-4 0.0
0 0.0
3 0.0
-12 0.0
0 0.0
3 0.0
3 0.0
15 0.0
3 0.0
12 0.02304790911067623
-36 0.15365272740450822
-34 0.0
-26 0.0
-4 0.007682636370225411
-12 0.0
-4 0.0
3 0.0
15 0.0
3 0.0
12 0.0
-38 0.17670063651518444
-34 0.0
-20 0.0
-26 0.007682636370225411
-14 0.0
-2 0.0
2 0.0
-14 0.0
-4 0.0
-2 0.0
2 0.0
2 0.0
14 0.0
2 0.0
-33 0.0
-21 0.0
12 0.007682636370225411
-38 0.3534012730303689
-34 0.0
-26 0.0
-26 0.007682636370225411
-14 0.0
-4 0.0
-2 0.0
2 0.0
-14 0.0
-4 0.0
-2 0.0
2 0.0
2 0.0
14 0.0
2 0.0
-33 0.0
-21 0.0
12 0.030730545480901643
-38 0.1459700910342828
-34 0.0
-26 0.0
-26 0.007682636370225411
-14 0.0
-4 0.0
-2 0.0
2 0.0
-14 0.0
-4 0.0
-2 0.0
2 0.0
2 0.0
14 0.0
2 0.0
12 0.02304790911067623
-33 0.15365272740450822
-34 0.0
-23 0.0
-21 0.007682636370225411
-9 0.0
-2 0.0
3 0.0
-21 0.0
-9 0.0
-5 0.0
-2 0.0
3 0.0
3 0.0
15 0.0
3 0.0
-33 0.0
-21 0.0
12 0.007682636370225411
3 0.3610839094005943
3 0.18438327288540984
1 0.18438327288540984
5 0.0
8 0.18438327288540984
0 0.18438327288540984
3 0.0
8 0.18438327288540984
-1 0.18438327288540984
2 0.0
8 0.18438327288540984
-2 0.18438327288540984
1 0.0
8 0.18438327288540984
-32 0.17670063651518444
-8 0.007682636370225411
-4 0.0
-1 0.0
4 0.0
-20 0.0
-13 0.0
-8 0.0
-32 0.17670063651518444
-8 0.007682636370225411
-4 0.0
-1 0.0
4 0.0
-20 0.0
-13 0.0
-33 0.17670063651518444
-9 0.007682636370225411
-5 0.0
-2 0.0
3 0.0
-33 0.0
-26 0.0
-21 0.0
-34 0.3610839094005943
-10 0.007682636370225411
-6 0.0
-3 0.0
2 0.0
-34 0.0
-27 0.0
-22 0.0
-34 0.17670063651518444
-10 0.007682636370225411
-6 0.0
-3 0.0
2 0.0
-34 0.0
-27 0.0
-22 0.0
-33 0.17670063651518444
-9 0.007682636370225411
-5 0.0
-2 0.0
3 0.0
-33 0.0
-26 0.0
-21 0.0
-32 0.3610839094005943
-8 0.007682636370225411
-4 0.0
-1 0.0
4 0.0
-32 0.0
-25 0.0
-20 0.0
-32 0.17670063651518444
-8 0.007682636370225411
-4 0.0
-1 0.0
4 0.0
-32 0.0
-25 0.0
-20 0.0
-33 0.17670063651518444
-9 0.007682636370225411
-5 0.0
-2 0.0
3 0.0
-33 0.0
-26 0.0
-21 0.0
-33 0.17670063651518444
-9 0.007682636370225411
-2 0.0
3 0.0
-33 0.0
-21 0.0
-34 0.17670063651518444
-10 0.007682636370225411
-6 0.0
-3 0.0
2 0.0
-34 0.0
-27 0.0
-22 0.0
-33 0.3610839094005943
-34 0.0
-20 0.0
-21 0.007682636370225411
-9 0.0
-5 0.0
-2 0.0
3 0.0
-21 0.0
-9 0.0
-5 0.0
-2 0.0
3 0.0
-9 0.0
3 0.0
-33 0.0
-21 0.0
12 0.007682636370225411
-40 0.3534012730303689
-34 0.0
-17 0.0
-28 0.007682636370225411
-16 0.0
-4 0.0
0 0.0
3 0.0
8 0.0
-28 0.0
-9 0.0
-4 0.0
0 0.0
3 0.0
8 0.0
-33 0.0
-21 0.0
-4 0.007682636370225411
8 0.0
12 0.007682636370225411
-33 0.34571863666014346
-34 0.0
-20 0.0
-33 0.007682636370225411
-21 0.0
-5 0.0
-2 0.0
3 0.0
-21 0.0
-9 0.0
-5 0.0
-2 0.0
-33 0.0
-21 0.0
-9 0.015365272740450821
3 0.015365272740450821
12 0.0
-40 0.33035336391969267
-28 0.0
-34 0.0
-12 0.0
-40 0.007682636370225411
-28 0.0
-4 0.0
0 0.0
3 0.0
8 0.0
-28 0.0
-4 0.0
0 0.0
3 0.0
8 0.0
-33 0.0
-21 0.0
-4 0.030730545480901643
8 0.0
12 0.0
-9 0.5224192731753279
-5 0.0
-2 0.0
-9 0.0
-5 0.0
-2 0.0
-33 0.0
-21 0.0
12 0.007682636370225411
12 0.16901800014495905
-9 0.007682636370225411
-5 0.0
-2 0.0
-9 0.0
-5 0.0
-2 0.0
-33 0.0
-21 0.0
-9 0.18438327288540984
-4 0.0
0 0.0
-9 0.0
-4 0.0
0 0.0
12 0.0
-33 0.0
-21 0.0
12 0.17670063651518444
-9 0.007682636370225411
-2 0.0
1 0.0
-9 0.0
-2 0.0
1 0.0
-33 0.0
-21 0.0
12 0.16901800014495905
-4 0.015365272740450821
0 0.0
-9 0.0
-4 0.0
0 0.0
-33 0.0
-21 0.0
-5 0.18438327288540984
-2 0.0
-9 0.0
-5 0.0
-2 0.0
12 0.0
-33 0.0
-21 0.0
-40 0.17670063651518444
-28 0.0
-34 0.0
-20 0.0
-28 0.007682636370225411
-16 0.0
-4 0.0
0 0.0
3 0.0
8 0.0
-40 0.0
-28 0.0
-4 0.0
3 0.0
8 0.0
-4 0.02304790911067623
8 0.0
-40 0.15365272740450822
-28 0.0
-34 0.0
-12 0.0
-28 0.007682636370225411
-16 0.0
-4 0.0
0 0.0
3 0.0
8 0.0
-40 0.0
-28 0.0
-4 0.0
3 0.0
8 0.0
8 0.02304790911067623
-4 0.007682636370225411
-40 0.1459700910342828
-28 0.0
-34 0.0
-20 0.0
-28 0.007682636370225411
-16 0.0
-4 0.0
0 0.0
3 0.0
8 0.0
-40 0.0
-28 0.0
-4 0.0
3 0.0
8 0.0
8 0.030730545480901643
-4 0.02304790911067623
-33 0.4916887276944263
-34 0.0
-26 0.0
-33 0.007682636370225411
-21 0.0
-9 0.0
-5 0.0
-2 0.0
3 0.0
-33 0.0
-9 0.0
3 0.0
-9 0.0
-33 0.0
-21 0.0
12 0.015365272740450821
3 0.007682636370225411
-40 0.3380360002899181
-28 0.0
-34 0.0
-26 0.0
-40 0.007682636370225411
-28 0.0
-4 0.0
0 0.0
3 0.0
8 0.0
-40 0.0
-28 0.0
-4 0.0
0 0.0
3 0.0
8 0.0
-33 0.0
-21 0.0
12 0.02304790911067623
-4 0.015365272740450821
8 0.0
-33 0.32267072754946724
-34 0.0
-26 0.0
-33 0.007682636370225411
-21 0.0
-9 0.0
-5 0.0
-2 0.0
3 0.0
-33 0.0
-9 0.0
-5 0.0
-2 0.0
3 0.0
-33 0.0
-21 0.0
-9 0.015365272740450821
3 0.0
12 0.0
-40 0.34571863666014346
-28 0.0
-34 0.0
-20 0.0
-40 0.007682636370225411
-28 0.0
-4 0.0
0 0.0
3 0.0
8 0.0
-40 0.0
-28 0.0
-4 0.0
0 0.0
3 0.0
8 0.0
-33 0.0
-21 0.0
-4 0.02304790911067623
8 0.0
12 0.0
12 0.4993713640646517
-9 0.030730545480901643
-5 0.0
-2 0.0
-9 0.0
-5 0.0
-2 0.0
-33 0.0
-21 0.0
12 0.16901800014495905
-5 0.015365272740450821
-2 0.0
-9 0.0
-5 0.0
-2 0.0
-33 0.0
-21 0.0
12 0.16133536377473362
-4 0.02304790911067623
0 0.0
-9 0.0
-4 0.0
0 0.0
-33 0.0
-21 0.0
12 0.16133536377473362
-9 0.02304790911067623
-2 0.0
1 0.0
-9 0.0
-2 0.0
1 0.0
-33 0.0
-21 0.0
12 0.16133536377473362
-4 0.02304790911067623
0 0.0
-9 0.0
-4 0.0
0 0.0
-33 0.0
-21 0.0
12 0.16901800014495905
-5 0.015365272740450821
-2 0.0
-9 0.0
-5 0.0
-2 0.0
-33 0.0
-21 0.0
-40 0.17670063651518444
-28 0.0
-34 0.0
-26 0.0
-40 0.007682636370225411
-28 0.0
-4 0.0
0 0.0
3 0.0
8 0.0
-4 0.0
3 0.0
8 0.0
-4 0.007682636370225411
8 0.02304790911067623
-40 0.1459700910342828
-28 0.0
-34 0.0
-26 0.0
-40 0.007682636370225411
-28 0.0
-4 0.0
0 0.0
3 0.0
8 0.0
-4 0.0
3 0.0
8 0.0
-4 0.030730545480901643
8 0.0
-40 0.1459700910342828
-28 0.0
-34 0.0
-26 0.0
-9 0.007682636370225411
-5 0.0
-2 0.0
-4 0.0
3 0.0
8 0.0
-9 0.0
-5 0.0
-2 0.0
-4 0.02304790911067623
8 0.0
-5 0.16133536377473362
-2 0.0
8 0.0
-9 0.0
-5 0.0
-2 0.0
-33 0.0
-21 0.0
12 0.05377845459157787
-4 0.13060481829383197
0 0.0
-9 0.0
-4 0.0
0 0.0
-33 0.0
-21 0.0
12 0.030730545480901643
-9 0.15365272740450822
-2 0.0
1 0.0
-9 0.0
-2 0.0
1 0.0
-33 0.0
-21 0.0
12 0.02304790911067623
-4 0.16133536377473362
0 0.0
-9 0.0
-4 0.0
0 0.0
-33 0.0
-21 0.0
12 0.02304790911067623
-5 0.16133536377473362
-2 0.0
-9 0.0
-5 0.0
-2 0.0
-33 0.0
-21 0.0
12 0.02304790911067623
-40 0.15365272740450822
-28 0.0
-34 0.0
-26 0.0
-40 0.007682636370225411
-28 0.0
-4 0.0
0 0.0
8 0.0
-4 0.0
3 0.0
8 0.0
-4 0.02304790911067623
8 0.015365272740450821
-40 0.1382874546640574
-28 0.0
-34 0.0
-26 0.0
-40 0.007682636370225411
-28 0.0
-4 0.0
0 0.0
8 0.0
-4 0.0
3 0.0
8 0.0
-4 0.038413181851127055
8 0.007682636370225411
-40 0.13060481829383197
-28 0.0
-34 0.0
-26 0.0
-9 0.007682636370225411
-5 0.0
-2 0.0
-4 0.0
3 0.0
8 0.0
-9 0.0
-5 0.0
-2 0.0
-4 0.038413181851127055
8 0.0
-5 0.1459700910342828
-2 0.0
8 0.0
-9 0.0
-5 0.0
-2 0.0
-33 0.0
-21 0.0
12 0.038413181851127055
-4 0.1459700910342828
0 0.0
-9 0.0
-4 0.0
0 0.0
-33 0.0
-21 0.0
12 0.02304790911067623
-9 0.16133536377473362
-2 0.0
1 0.0
-9 0.0
-2 0.0
1 0.0
-33 0.0
-21 0.0
12 0.02304790911067623
-4 0.16133536377473362
0 0.0
-9 0.0
-4 0.0
0 0.0
-33 0.0
-21 0.0
12 0.007682636370225411
-5 0.17670063651518444
-2 0.0
-9 0.0
-5 0.0
-2 0.0
-33 0.0
-21 0.0
12 0.007682636370225411
-4 0.17670063651518444
-4 0.02304790911067623
8 0.0
8 0.16133536377473362
8 0.0
8 0.02304790911067623
-4 0.007682636370225411
8 0.15365272740450822
8 0.0
-4 0.02304790911067623
8 0.0
6 0.16133536377473362
6 0.0
15 0.18438327288540984
3 0.0
3 0.0
3 0.0
3 0.0
11 0.3687665457708197
-1 0.0
-1 0.0
-1 0.0
-1 0.0
8 0.3687665457708197
-4 0.0
-4 0.0
-4 0.0
-4 0.0
6 0.3687665457708197
-6 0.0
-6 0.0
-6 0.0
-6 0.0
-26 0.729850455171414
-34 0.0
-26 0.0
12 0.0
-9 0.007682636370225411
-21 0.0
-9 0.0
3 0.0
15 0.0
-9 0.0
-2 0.0
3 0.0
-21 0.0
-21 0.0
-9 0.0
-33 0.0
-34 0.3610839094005943
-26 0.0
-24 0.0
-10 0.007682636370225411
-22 0.0
-10 0.0
2 0.0
14 0.0
-10 0.0
-4 0.0
2 0.0
5 0.0
-22 0.0
-22 0.0
-10 0.0
12 0.0
-33 0.0
-28 0.007682636370225411
-31 0.3534012730303689
-34 0.0
-24 0.0
-13 0.007682636370225411
-4 0.0
-18 0.0
-6 0.0
6 0.0
18 0.0
-6 0.0
2 0.0
6 0.0
-25 0.0
-16 0.0
-25 0.0
-16 0.0
-6 0.0
-33 0.0
12 0.007682636370225411
-34 0.3534012730303689
-34 0.0
-26 0.0
12 0.0
-14 0.007682636370225411
-7 0.0
-19 0.0
-7 0.0
5 0.0
17 0.0
-7 0.0
-2 0.0
5 0.0
8 0.0
-26 0.0
-19 0.0
-26 0.0
-19 0.0
-7 0.0
-33 0.0
-37 0.3610839094005943
-34 0.0
-24 0.0
12 0.0
-16 0.007682636370225411
-1 0.0
-13 0.0
-1 0.0
11 0.0
23 0.0
-10 0.0
-1 0.0
5 0.0
11 0.0
-28 0.0
-13 0.0
-28 0.0
-13 0.0
-1 0.0
-33 0.0
-38 0.3534012730303689
-34 0.007682636370225411
-26 0.0
-19 0.007682636370225411
-2 0.0
-14 0.0
-2 0.0
10 0.0
22 0.0
-14 0.0
-2 0.0
8 0.0
14 0.0
-31 0.0
-14 0.0
-31 0.0
-14 0.0
-2 0.0
-33 0.0
12 0.007682636370225411
12 0.34571863666014346
-33 0.007682636370225411
-34 0.0
-20 0.0
-21 0.007682636370225411
3 0.0
-21 0.0
-9 0.0
3 0.0
15 0.0
27 0.0
-45 0.0
-21 0.0
-9 0.0
3 0.0
-57 0.0
-33 0.0
-33 0.0
-9 0.0
3 0.0
-33 0.0
-45 0.007682636370225411
10 0.3610839094005943
10 0.18438327288540984
12 0.18438327288540984
10 0.18438327288540984
-2 0.18438327288540984
-26 0.0
-14 0.0
-2 0.18438327288540984
-26 0.0
-14 0.0
0 0.18438327288540984
-24 0.0
-12 0.0
-2 0.18438327288540984
-26 0.0
-14 0.0
-26 0.17670063651518444
3 0.007682636370225411
7 0.0
-21 0.0
-14 0.0
-5 0.0
-17 0.0
-14 0.0
7 0.0
10 0.0
7 0.0
-33 0.0
-21 0.0
12 0.030730545480901643
-26 0.1459700910342828
3 0.007682636370225411
7 0.0
-21 0.0
-14 0.0
-5 0.0
-26 0.0
-17 0.0
-14 0.0
7 0.0
10 0.0
7 0.0
-33 0.0
-21 0.0
12 0.015365272740450821
-24 0.16133536377473362
5 0.007682636370225411
8 0.0
-19 0.0
-12 0.0
-4 0.0
-16 0.0
8 0.0
8 0.0
-33 0.0
-21 0.0
12 0.02304790911067623
-26 0.15365272740450822
3 0.007682636370225411
7 0.0
-21 0.0
-14 0.0
-5 0.0
-17 0.0
-14 0.0
7 0.0
10 0.0
7 0.0
-33 0.0
-21 0.0
12 0.02304790911067623
-28 0.15365272740450822
2 0.007682636370225411
5 0.0
-22 0.0
-16 0.0
-7 0.0
-19 0.0
-14 0.0
5 0.0
10 0.0
5 0.0
-33 0.0
-21 0.0
12 0.02304790911067623
-29 0.15365272740450822
0 0.007682636370225411
3 0.0
-24 0.0
-17 0.0
-9 0.0
-21 0.0
-14 0.0
3 0.0
10 0.0
3 0.0
-33 0.0
-21 0.0
12 0.02304790911067623
-31 0.15365272740450822
-2 0.007682636370225411
2 0.0
-26 0.0
-19 0.0
-10 0.0
-22 0.0
-14 0.0
2 0.0
10 0.0
2 0.0
-33 0.0
-21 0.0
12 0.030730545480901643
-7 0.3380360002899181
-2 0.0
2 0.0
-14 0.0
-14 0.0
10 0.007682636370225411
-33 0.3534012730303689
-31 0.0
-34 0.0
-20 0.0
-21 0.007682636370225411
-14 0.0
-9 0.0
-5 0.0
-2 0.0
3 0.0
-14 0.0
-9 0.0
-21 0.0
-17 0.0
-9 0.0
-10 0.0
-9 0.0
15 0.015365272740450821
14 0.007682636370225411
12 0.0
12 0.34571863666014346
15 0.16133536377473362
-33 0.015365272740450821
-34 0.0
-12 0.0
-21 0.007682636370225411
-14 0.0
-9 0.0
-5 0.0
-2 0.0
3 0.0
-14 0.0
-9 0.0
-9 0.0
-33 0.0
-21 0.0
-36 0.17670063651518444
-34 0.0
-17 0.0
-16 0.007682636370225411
-9 0.0
-4 0.0
0 0.0
3 0.0
-16 0.0
-12 0.0
-9 0.0
-16 0.0
-12 0.0
-9 0.0
15 0.0
12 0.0
-33 0.0
-21 0.0
-36 0.3610839094005943
15 0.0
-16 0.007682636370225411
-9 0.0
-4 0.0
0 0.0
3 0.0
-16 0.0
-12 0.0
-9 0.0
-9 0.0
12 0.038413181851127055
15 0.12292218192360657
-36 0.015365272740450821
-16 0.007682636370225411
-9 0.0
-4 0.0
0 0.0
3 0.0
-16 0.0
-12 0.0
-9 0.0
-9 0.0
14 0.16901800014495905
-34 0.007682636370225411
-34 0.0
-14 0.0
-17 0.007682636370225411
-10 0.0
-5 0.0
-1 0.0
2 0.0
-17 0.0
-13 0.0
-10 0.0
-17 0.0
-13 0.0
-10 0.0
-10 0.0
-33 0.0
-21 0.0
12 0.02304790911067623
14 0.15365272740450822
-17 0.007682636370225411
-10 0.0
-5 0.0
-1 0.0
2 0.0
-17 0.0
-13 0.0
-10 0.0
-10 0.0
-34 0.17670063651518444
-20 0.0
-17 0.007682636370225411
-10 0.0
-5 0.0
-1 0.0
2 0.0
-17 0.0
-13 0.0
-10 0.0
-10 0.0
14 0.0
12 0.015365272740450821
-34 0.16133536377473362
-17 0.007682636370225411
-10 0.0
-5 0.0
-1 0.0
2 0.0
-17 0.0
-13 0.0
-10 0.0
-10 0.0
14 0.0
-33 0.0
-21 0.0
-29 0.17670063651518444
-34 0.0
-12 0.0
-24 0.007682636370225411
-12 0.0
-5 0.0
0 0.0
3 0.0
-17 0.0
-12 0.0
-9 0.0
-12 0.0
-9 0.0
-17 0.0
-33 0.0
-21 0.0
7 0.007682636370225411
12 0.007682636370225411
-24 0.3534012730303689
-12 0.0
-5 0.0
0 0.0
3 0.0
-17 0.0
-12 0.0
-9 0.0
-17 0.0
7 0.007682636370225411
12 0.030730545480901643
-29 0.1382874546640574
-33 0.18438327288540984
-34 0.0
-20 0.0
-21 0.007682636370225411
-11 0.0
-9 0.0
-5 0.0
-2 0.0
1 0.0
-17 0.0
-14 0.0
-11 0.0
-21 0.0
-14 0.0
-11 0.0
-19 0.0
-33 0.0
-21 0.0
5 0.007682636370225411
12 0.030730545480901643
-34 0.32267072754946724
-33 0.007682636370225411
-21 0.0
12 0.015365272740450821
-34 0.34571863666014346
12 0.007682636370225411
-33 0.0
-21 0.18438327288540984
-33 0.17670063651518444
-34 0.0
12 0.0
-33 0.007682636370225411
-21 0.0
-21 0.18438327288540984
3 0.0
5 0.09987427281293033
12 0.061461090961803286
-33 0.015365272740450821
-34 0.0
-12 0.0
-17 0.007682636370225411
-11 0.0
-9 0.0
-5 0.0
-2 0.0
1 0.0
3 0.0
-9 0.0
-5 0.0
-17 0.0
-5 0.0
-2 0.0
3 0.0
-33 0.0
-21 0.0
5 0.09219163644270492
3 0.07682636370225411
5 0.08450900007247952
3 0.08450900007247952
-34 0.02304790911067623
12 0.0
-33 0.007682636370225411
-21 0.0
5 0.05377845459157787
3 0.08450900007247952
5 0.07682636370225411
3 0.09219163644270492
-34 0.05377845459157787
12 0.0
-33 0.007682636370225411
-21 0.0
5 0.02304790911067623
3 0.09219163644270492
5 0.07682636370225411
3 0.09987427281293033
-34 0.0691437273320287
12 0.0
5 0.007682636370225411
-33 0.0
-21 0.0
3 0.08450900007247952
5 0.08450900007247952
-33 0.007682636370225411
3 0.09219163644270492
12 0.07682636370225411
5 0.007682636370225411
-33 0.007682636370225411
-34 0.0
-20 0.0
-14 0.007682636370225411
-11 0.0
-9 0.0
-5 0.0
-2 0.0
1 0.0
3 0.0
7 0.0
-2 0.0
-14 0.0
-2 0.0
3 0.07682636370225411
5 0.07682636370225411
-22 0.030730545480901643
-21 0.0
3 0.061461090961803286
5 0.07682636370225411
-34 0.038413181851127055
12 0.0
-21 0.007682636370225411
3 0.05377845459157787
5 0.07682636370225411
-21 0.05377845459157787
3 0.04609581822135246
5 0.07682636370225411
-34 0.05377845459157787
12 0.0
-21 0.007682636370225411
3 0.038413181851127055
5 0.08450900007247952
-21 0.061461090961803286
3 0.02304790911067623
5 0.09219163644270492
3 0.061461090961803286
-34 0.0
12 0.0
-21 0.007682636370225411
5 0.07682636370225411
3 0.05377845459157787
-21 0.05377845459157787
2 0.05377845459157787
3 0.07682636370225411
12 0.007682636370225411
-34 0.038413181851127055
-20 0.0
-9 0.007682636370225411
-2 0.0
1 0.0
3 0.0
7 0.0
13 0.0
15 0.0
-9 0.0
3 0.0
15 0.0
-5 0.0
1 0.0
3 0.0
12 0.09987427281293033
-21 0.08450900007247952
12 0.015365272740450821
12 0.13060481829383197
-21 0.038413181851127055
12 0.07682636370225411
-21 0.10755690918315575
-21 0.18438327288540984
-21 0.18438327288540984
-21 0.18438327288540984
-29 0.17670063651518444
-21 0.007682636370225411
-21 0.18438327288540984
-29 0.05377845459157787
-21 0.13060481829383197
-24 0.11523954555338116
-21 0.0691437273320287
-28 0.17670063651518444
-34 0.0
-20 0.0
-4 0.007682636370225411
-16 0.0
-21 0.18438327288540984
-16 0.18438327288540984
-36 0.11523954555338116
-34 0.0
-12 0.007682636370225411
-24 0.0
-29 0.23816172747698774
-27 0.0
-18 0.0
-24 0.13060481829383197
-35 0.11523954555338116
-11 0.007682636370225411
-23 0.0
-23 0.3687665457708197
-34 0.11523954555338116
-34 0.0
-18 0.0
-10 0.007682636370225411
-22 0.0
-22 0.3687665457708197
-33 0.11523954555338116
-34 0.0
-9 0.007682636370225411
-21 0.0
-31 0.23816172747698774
-29 0.0
-27 0.0
-18 0.0
-7 0.007682636370225411
-19 0.0
-21 0.12292218192360657
-29 0.11523954555338116
-5 0.007682636370225411
-17 0.0
-19 0.12292218192360657
-28 0.11523954555338116
-4 0.007682636370225411
-16 0.0
-17 0.12292218192360657
-28 0.11523954555338116
-34 0.0
-18 0.0
-4 0.007682636370225411
-16 0.0
-16 0.12292218192360657
-16 0.24584436384721314
-36 0.11523954555338116
-34 0.0
-12 0.007682636370225411
-24 0.0
-29 0.23816172747698774
-27 0.0
-18 0.0
-24 0.13060481829383197
-35 0.11523954555338116
-11 0.007682636370225411
-23 0.0
-23 0.3687665457708197
-34 0.11523954555338116
-34 0.0
-18 0.0
-10 0.007682636370225411
-22 0.0
-33 0.23816172747698774
-9 0.007682636370225411
-21 0.0
-22 0.12292218192360657
-31 0.11523954555338116
-34 0.0
-7 0.007682636370225411
-19 0.0
-21 0.12292218192360657
-33 0.11523954555338116
-29 0.0
-27 0.0
-18 0.0
-9 0.007682636370225411
-21 0.0
-19 0.12292218192360657
-21 0.24584436384721314
-34 0.11523954555338116
-28 0.24584436384721314
-34 0.0
-18 0.0
-4 0.007682636370225411
-16 0.0
-16 0.3687665457708197
-36 0.11523954555338116
-34 0.0
-12 0.007682636370225411
-24 0.0
-29 0.23816172747698774
-27 0.0
-18 0.0
-24 0.13060481829383197
-35 0.11523954555338116
-11 0.007682636370225411
-23 0.0
-23 0.3687665457708197
-34 0.11523954555338116
-34 0.0
-18 0.0
-10 0.007682636370225411
-22 0.0
-22 0.3687665457708197
-33 0.11523954555338116
-34 0.0
-9 0.007682636370225411
-21 0.0
-31 0.23816172747698774
-29 0.0
-27 0.0
-18 0.0
-7 0.007682636370225411
-19 0.0
-21 0.12292218192360657
-29 0.11523954555338116
-5 0.007682636370225411
-17 0.0
-19 0.12292218192360657
-28 0.11523954555338116
-4 0.007682636370225411
-16 0.0
-17 0.12292218192360657
-26 0.11523954555338116
-34 0.0
-18 0.0
-2 0.007682636370225411
-14 0.0
-16 0.12292218192360657
-14 0.24584436384721314
-34 0.11523954555338116
-34 0.0
-10 0.007682636370225411
-22 0.0
-29 0.23816172747698774
-27 0.0
-18 0.0
-22 0.13060481829383197
-33 0.11523954555338116
-9 0.007682636370225411
-21 0.0
-21 0.3687665457708197
-32 0.11523954555338116
-34 0.0
-18 0.0
-8 0.007682636370225411
-20 0.0
-31 0.23816172747698774
-29 0.0
-7 0.007682636370225411
-19 0.12292218192360657
-20 0.0
-29 0.11523954555338116
-29 0.0
-5 0.007682636370225411
-17 0.12292218192360657
-31 0.11523954555338116
-27 0.0
-26 0.0
-18 0.0
-7 0.007682636370225411
-19 0.0
-19 0.0
-29 0.23816172747698774
-17 0.007682636370225411
-19 0.12292218192360657
-24 0.11523954555338116
-33 0.24584436384721314
-34 0.0
-20 0.0
-9 0.007682636370225411
-2 0.0
3 0.0
-26 0.0
-21 0.0
-26 0.3687665457708197
-21 0.0
1 0.09987427281293033
-33 0.015365272740450821
-34 0.0
-33 0.24584436384721314
-29 0.0
-27 0.0
-23 0.0
1 0.299622818438791
-33 0.19206590925563527
-33 0.24584436384721314
-34 0.0
-23 0.0
1 0.08450900007247952
-33 0.40717972762194676
-34 0.0
0 0.0691437273320287
-33 0.17670063651518444
-29 0.0
-27 0.0
-23 0.0
0 0.30730545480901644
-33 0.18438327288540984
-33 0.24584436384721314
-34 0.0
-23 0.0
0 0.038413181851127055
-33 0.4532755458432992
-34 0.0
-2 0.061461090961803286
-33 0.18438327288540984
-29 0.0
-23 0.0
-2 0.2919401820685656
-33 0.19974854562586067
-2 0.2151138183663115
-40 0.030730545480901643
-34 0.0
-23 0.0
-9 0.007682636370225411
-4 0.0
0 0.0
3 0.0
-28 0.0
-28 0.3687665457708197
-34 0.11523954555338116
-4 0.23047909110676232
-40 0.015365272740450821
-29 0.0
-23 0.0
-5 0.7144851824309632
-33 0.02304790911067623
-34 0.0
-23 0.0
-9 0.007682636370225411
-5 0.0
-2 0.0
3 0.0
-26 0.0
-21 0.0
-26 0.3687665457708197
-21 0.0
-33 0.11523954555338116
-34 0.0
-4 0.061461090961803286
-33 0.18438327288540984
-29 0.0
-23 0.0
-2 0.0691437273320287
-4 0.007682636370225411
-33 0.4148623639921722
-33 0.24584436384721314
-34 0.0
-23 0.0
-33 0.4916887276944263
-34 0.0
-33 0.24584436384721314
-29 0.0
-23 0.0
-33 0.4916887276944263
-34 0.0
-38 0.24584436384721314
-34 0.0
-23 0.0
-14 0.007682636370225411
-2 0.0
-26 0.0
-35 0.23816172747698774
-29 0.0
-11 0.007682636370225411
1 0.0
-23 0.0
-26 0.12292218192360657
-33 0.11523954555338116
-29 0.0
-9 0.007682636370225411
3 0.0
-21 0.0
-23 0.12292218192360657
-33 0.11523954555338116
-29 0.0
-23 0.0
-9 0.007682636370225411
3 0.0
-21 0.0
-21 0.12292218192360657
-35 0.11523954555338116
-34 0.0
-11 0.007682636370225411
1 0.0
-23 0.0
-21 0.12292218192360657
-30 0.11523954555338116
-29 0.0
-20 0.0
-6 0.007682636370225411
-2 0.0
1 0.0
6 0.0
-18 0.0
-23 0.12292218192360657
-18 0.24584436384721314
-35 0.8527726370950206
-29 0.0
-34 0.24584436384721314
-29 0.0
-33 0.24584436384721314
-34 0.0
-20 0.0
-9 0.007682636370225411
-2 0.0
3 0.0
-26 0.0
-21 0.0
-26 0.3687665457708197
-21 0.0
1 0.05377845459157787
-33 0.061461090961803286
-34 0.0
-33 0.24584436384721314
-29 0.0
-23 0.0
1 0.2151138183663115
-33 0.2765749093281148
-34 0.0
-33 0.24584436384721314
-34 0.0
-23 0.0
1 0.02304790911067623
-33 0.46864081858375006
-34 0.0
0 0.04609581822135246
-33 0.19974854562586067
-29 0.0
-23 0.0
-35 0.24584436384721314
0 0.13060481829383197
-2 0.0691437273320287
-34 0.04609581822135246
-34 0.0
-33 0.24584436384721314
-34 0.0
-23 0.0
0 0.09219163644270492
-33 0.39949709125172134
-34 0.0
-2 0.08450900007247952
-33 0.16133536377473362
-29 0.0
-23 0.0
-2 0.2765749093281148
-33 0.2151138183663115
-34 0.0
-40 0.24584436384721314
-34 0.0
-23 0.0
-16 0.007682636370225411
-9 0.0
-4 0.0
0 0.0
3 0.0
-28 0.0
-2 0.05377845459157787
-28 0.3149880911792418
-40 0.11523954555338116
-34 0.0
-40 0.24584436384721314
-29 0.0
-23 0.0
-4 0.04609581822135246
-29 0.19974854562586067
-40 0.24584436384721314
-29 0.0
1 0.24584436384721314
-35 0.0
-34 0.0
-20 0.0
-11 0.007682636370225411
-7 0.0
-4 0.0
1 0.0
5 0.0
-23 0.0
-16 0.0
-23 0.3687665457708197
-16 0.0
-35 0.11523954555338116
-34 0.0
-2 0.15365272740450822
-35 0.09219163644270492
-29 0.0
-23 0.0
-4 0.10755690918315575
-35 0.38413181851127054
-34 0.0
-35 0.24584436384721314
-34 0.0
-23 0.0
-35 0.4916887276944263
-34 0.0
-35 0.24584436384721314
-29 0.0
-23 0.0
-35 0.24584436384721314
-26 0.0
-36 0.24584436384721314
-24 0.0
-38 0.24584436384721314
-34 0.0
-20 0.0
-14 0.007682636370225411
-7 0.0
-2 0.0
1 0.0
5 0.0
-26 0.0
-19 0.0
1 0.0691437273320287
0 0.02304790911067623
-26 0.2765749093281148
-19 0.0
-38 0.11523954555338116
-34 0.0
-38 0.24584436384721314
-29 0.0
-23 0.0
-38 0.4916887276944263
-34 0.0
-38 0.24584436384721314
-34 0.0
-23 0.0
-38 0.4916887276944263
-34 0.0
-38 0.24584436384721314
-29 0.0
-23 0.0
-35 0.24584436384721314
-34 0.24584436384721314
-34 0.0
-33 0.24584436384721314
-34 0.0
-20 0.0
-9 0.007682636370225411
-5 0.0
-2 0.0
3 0.0
7 0.0
-21 0.0
0 0.015365272740450821
-21 0.3534012730303689
-33 0.11523954555338116
-34 0.0
-2 0.2151138183663115
-33 0.030730545480901643
-29 0.0
-23 0.0
-33 0.4916887276944263
-34 0.0
-33 0.24584436384721314
-34 0.0
-23 0.0
-33 0.4916887276944263
-34 0.0
-33 0.24584436384721314
-29 0.0
-23 0.0
-33 0.4916887276944263
-34 0.0
-38 0.24584436384721314
-34 0.0
-23 0.0
-14 0.007682636370225411
-7 0.0
-4 0.0
1 0.0
5 0.0
-26 0.0
-23 0.0
-26 0.3687665457708197
-23 0.0
1 0.11523954555338116
-38 0.0
-34 0.0
-38 0.24584436384721314
-29 0.0
-23 0.0
1 0.2765749093281148
-38 0.2151138183663115
-34 0.0
-38 0.24584436384721314
-34 0.0
-23 0.0
1 0.0691437273320287
-38 0.4225450003623976
-34 0.0
1 0.04609581822135246
-38 0.19974854562586067
-29 0.0
-23 0.0
-35 0.24584436384721314
1 0.04609581822135246
-34 0.19974854562586067
-34 0.0
-33 0.24584436384721314
-34 0.0
-23 0.0
-9 0.007682636370225411
-5 0.0
-2 0.0
3 0.0
7 0.0
-26 0.0
-21 0.0
0 0.04609581822135246
-26 0.32267072754946724
-21 0.0
-33 0.11523954555338116
-34 0.0
-33 0.24584436384721314
-29 0.0
-23 0.0
-2 0.04609581822135246
-33 0.44559290947307384
-34 0.0
-33 0.24584436384721314
-34 0.0
-23 0.0
-33 0.4916887276944263
-34 0.0
-33 0.24584436384721314
-29 0.0
-23 0.0
-33 0.4916887276944263
-34 0.0
-4 0.2151138183663115
-38 0.030730545480901643
-34 0.0
-20 0.0
-14 0.007682636370225411
-7 0.0
-4 0.0
1 0.0
5 0.0
-26 0.0
-23 0.0
-26 0.3687665457708197
-23 0.0
-4 0.11523954555338116
-34 0.0
-29 0.24584436384721314
-23 0.0
-4 0.26120963658766394
-34 0.23047909110676232
-4 0.030730545480901643
-5 0.07682636370225411
-33 0.1382874546640574
-20 0.0
-9 0.007682636370225411
-5 0.0
-2 0.0
3 0.0
7 0.0
-26 0.0
-21 0.0
-2 0.030730545480901643
-26 0.3380360002899181
-21 0.0
-34 0.11523954555338116
-29 0.24584436384721314
-23 0.0
-34 0.4916887276944263
-38 0.24584436384721314
-34 0.0
-20 0.0
-14 0.007682636370225411
-7 0.0
-4 0.0
1 0.0
5 0.0
-26 0.0
-23 0.0
-4 0.05377845459157787
-26 0.3149880911792418
-23 0.0
-34 0.11523954555338116
-4 0.04609581822135246
-29 0.19974854562586067
-23 0.0
-4 0.15365272740450822
-4 0.26889227295788937
-33 0.3149880911792418
-34 0.0
-20 0.0
-9 0.007682636370225411
-5 0.0
-2 0.0
3 0.0
7 0.0
-21 0.0
-2 0.10755690918315575
-21 0.26120963658766394
-34 0.11523954555338116
-4 0.09987427281293033
-29 0.1459700910342828
-23 0.0
-34 0.24584436384721314
-20 0.0
-5 0.0691437273320287
-38 0.05377845459157787
-29 0.12292218192360657
-23 0.0
-28 0.24584436384721314
-34 0.0
-20 0.0
-4 0.007682636370225411
8 0.0
-16 0.0
-4 0.030730545480901643
-16 0.3380360002899181
-36 0.11523954555338116
-34 0.0
-12 0.007682636370225411
0 0.0
-24 0.0
-7 0.04609581822135246
-9 0.17670063651518444
-29 0.015365272740450821
-23 0.0
-24 0.13060481829383197
-35 0.11523954555338116
-11 0.007682636370225411
1 0.0
-23 0.0
-23 0.3687665457708197
-34 0.11523954555338116
-34 0.0
-23 0.0
-10 0.007682636370225411
2 0.0
-22 0.0
-22 0.3687665457708197
-33 0.11523954555338116
-34 0.0
-9 0.007682636370225411
3 0.0
-21 0.0
-31 0.23816172747698774
-29 0.0
-23 0.0
-7 0.007682636370225411
5 0.0
-19 0.0
-21 0.12292218192360657
-29 0.11523954555338116
-5 0.007682636370225411
7 0.0
-17 0.0
-19 0.12292218192360657
-28 0.11523954555338116
-4 0.007682636370225411
8 0.0
-16 0.0
-17 0.12292218192360657
-28 0.11523954555338116
-34 0.0
-23 0.0
-4 0.007682636370225411
8 0.0
-16 0.0
-16 0.12292218192360657
-10 0.015365272740450821
-12 0.09219163644270492
-14 0.08450900007247952
-16 0.05377845459157787
-36 0.11523954555338116
-34 0.0
-12 0.007682636370225411
0 0.0
-24 0.0
-29 0.23816172747698774
-23 0.0
-24 0.13060481829383197
-11 0.12292218192360657
1 0.0
-23 0.0
-35 0.05377845459157787
-23 0.3149880911792418
-34 0.11523954555338116
-34 0.0
-23 0.0
-10 0.007682636370225411
2 0.0
-22 0.0
-33 0.23816172747698774
-9 0.007682636370225411
3 0.0
-21 0.0
-22 0.12292218192360657
-31 0.11523954555338116
-34 0.0
-7 0.007682636370225411
5 0.0
-19 0.0
-21 0.12292218192360657
-33 0.11523954555338116
-29 0.0
-23 0.0
-9 0.007682636370225411
3 0.0
-21 0.0
-19 0.12292218192360657
-21 0.24584436384721314
-28 0.3610839094005943
-34 0.0
-23 0.0
-4 0.007682636370225411
8 0.0
-16 0.0
-16 0.3687665457708197
-36 0.11523954555338116
-34 0.0
-12 0.007682636370225411
0 0.0
-24 0.0
-29 0.23816172747698774
-23 0.0
-24 0.13060481829383197
-35 0.11523954555338116
-11 0.007682636370225411
1 0.0
-23 0.0
-23 0.3687665457708197
-34 0.11523954555338116
-34 0.0
-23 0.0
-10 0.007682636370225411
2 0.0
-22 0.0
-22 0.3687665457708197
-33 0.11523954555338116
-34 0.0
-9 0.007682636370225411
3 0.0
-21 0.0
-31 0.23816172747698774
-29 0.0
-23 0.0
-7 0.007682636370225411
5 0.0
-19 0.0
-21 0.12292218192360657
-29 0.11523954555338116
-5 0.007682636370225411
7 0.0
-17 0.0
-19 0.12292218192360657
-28 0.11523954555338116
-4 0.007682636370225411
8 0.0
-16 0.0
-17 0.12292218192360657
-26 0.11523954555338116
-34 0.0
-20 0.0
-2 0.007682636370225411
10 0.0
-14 0.0
-16 0.12292218192360657
-14 0.24584436384721314
-34 0.11523954555338116
-34 0.0
-10 0.007682636370225411
2 0.0
-22 0.0
-29 0.23816172747698774
-23 0.0
-22 0.13060481829383197
-33 0.11523954555338116
-9 0.007682636370225411
3 0.0
-21 0.0
-21 0.3687665457708197
-31 0.11523954555338116
-34 0.0
-23 0.0
-7 0.007682636370225411
5 0.0
-19 0.0
-19 0.3687665457708197
-30 0.11523954555338116
-34 0.0
-6 0.007682636370225411
6 0.0
-18 0.0
-29 0.23816172747698774
-29 0.0
-23 0.0
-5 0.007682636370225411
7 0.0
-17 0.0
-18 0.12292218192360657
-28 0.11523954555338116
-26 0.0
-4 0.007682636370225411
8 0.0
-16 0.0
-17 0.12292218192360657
-26 0.11523954555338116
-24 0.0
-2 0.007682636370225411
10 0.0
-14 0.0
-16 0.12292218192360657
-3 0.11523954555338116
-27 0.0
-34 0.0
-20 0.0
-3 0.007682636370225411
9 0.0
-15 0.0
-14 0.12292218192360657
-25 0.11523954555338116
-1 0.007682636370225411
11 0.0
-13 0.0
-15 0.12292218192360657
-23 0.11523954555338116
1 0.007682636370225411
13 0.0
-11 0.0
-13 0.12292218192360657
-29 0.11523954555338116
-11 0.13060481829383197
-25 0.11523954555338116
-29 0.0
-1 0.007682636370225411
11 0.0
-13 0.0
-23 0.23816172747698774
-26 0.0
1 0.007682636370225411
13 0.0
-11 0.0
-13 0.12292218192360657
-21 0.11523954555338116
-34 0.0
-20 0.0
3 0.007682636370225411
15 0.0
-9 0.0
-11 0.12292218192360657
-9 0.24584436384721314
-23 0.3610839094005943
-29 0.0
1 0.007682636370225411
13 0.0
-11 0.0
-21 0.23816172747698774
-26 0.0
3 0.007682636370225411
15 0.0
-9 0.0
-11 0.12292218192360657
-19 0.11523954555338116
-34 0.0
-12 0.0
5 0.007682636370225411
17 0.0
-7 0.0
-9 0.12292218192360657
-34 0.11523954555338116
-34 0.0
-20 0.0
-22 0.007682636370225411
-10 0.0
-3 0.0
2 0.0
6 0.0
9 0.0
-22 0.0
-20 0.12292218192360657
-7 0.0
-18 0.12292218192360657
-20 0.12292218192360657
-22 0.0
-18 0.12292218192360657
-20 0.0
-15 0.12292218192360657
-18 0.0
-23 0.11523954555338116
-18 0.007682636370225411
-20 0.0
-15 0.12292218192360657
-18 0.0
-17 0.12292218192360657
-15 0.0
-15 0.12292218192360657
-18 0.0
-15 0.12292218192360657
-15 0.0
-13 0.12292218192360657
-17 0.0
-11 0.12292218192360657
-15 0.0
-11 0.12292218192360657
-15 0.0
-13 0.12292218192360657
-13 0.0
-15 0.12292218192360657
-11 0.0
-16 0.12292218192360657
-11 0.0
-13 0.12292218192360657
-13 0.0
-23 0.11523954555338116
-11 0.007682636370225411
-15 0.0
-10 0.12292218192360657
-16 0.0
-8 0.12292218192360657
-13 0.0
-7 0.12292218192360657
-11 0.0
-6 0.12292218192360657
-10 0.0
-8 0.12292218192360657
-37 0.11523954555338116
-34 0.0
-26 0.0
-25 0.007682636370225411
-13 0.0
-6 0.0
-1 0.0
3 0.0
6 0.0
-25 0.0
-7 0.0
-23 0.12292218192360657
-6 0.0
-21 0.12292218192360657
-23 0.12292218192360657
-25 0.0
-25 0.12292218192360657
-23 0.0
-23 0.12292218192360657
-21 0.0
-23 0.11523954555338116
-21 0.007682636370225411
-23 0.0
-19 0.12292218192360657
-25 0.0
-18 0.12292218192360657
-23 0.0
-16 0.12292218192360657
-21 0.0
-13 0.12292218192360657
-19 0.0
-14 0.12292218192360657
-18 0.0
-13 0.12292218192360657
-16 0.0
-11 0.12292218192360657
-13 0.0
-9 0.12292218192360657
-14 0.0
-7 0.12292218192360657
-13 0.0
-6 0.12292218192360657
-11 0.0
-9 0.12292218192360657
-9 0.0
-23 0.11523954555338116
-6 0.007682636370225411
-7 0.0
-6 0.12292218192360657
-9 0.12292218192360657
-6 0.12292218192360657
-35 0.3610839094005943
-34 0.0
-20 0.0
-23 0.007682636370225411
-11 0.0
-4 0.0
1 0.0
5 0.0
8 0.0
-23 0.0
-21 0.12292218192360657
-19 0.12292218192360657
-21 0.12292218192360657
-23 0.0
-19 0.12292218192360657
-21 0.0
-18 0.12292218192360657
-19 0.0
-19 0.12292218192360657
-21 0.0
-18 0.12292218192360657
-19 0.0
-16 0.12292218192360657
-18 0.0
-17 0.12292218192360657
-19 0.0
-16 0.12292218192360657
-18 0.0
-14 0.12292218192360657
-16 0.0
-16 0.12292218192360657
-17 0.0
-13 0.12292218192360657
-16 0.0
-14 0.12292218192360657
-14 0.0
-16 0.12292218192360657
-16 0.0
-14 0.12292218192360657
-13 0.0
-13 0.12292218192360657
-14 0.0
-11 0.12292218192360657
-16 0.0
-9 0.12292218192360657
-14 0.0
-7 0.12292218192360657
-13 0.0
-6 0.12292218192360657
-11 0.0
-7 0.12292218192360657
-9 0.0
-9 0.12292218192360657
-7 0.0
-7 0.12292218192360657
-6 0.0
-6 0.12292218192360657
-7 0.0
-4 0.12292218192360657
-9 0.0
-2 0.12292218192360657
-7 0.0
-1 0.12292218192360657
-6 0.0
1 0.12292218192360657
-4 0.0
-1 0.12292218192360657
-2 0.0
-4 0.12292218192360657
-1 0.0
-2 0.12292218192360657
1 0.0
1 0.12292218192360657
-1 0.0
3 0.12292218192360657
-4 0.0
5 0.12292218192360657
-2 0.0
6 0.12292218192360657
1 0.0
3 0.12292218192360657
5 0.12292218192360657
6 0.12292218192360657
-23 2.9501323661665575
-11 0.0
-24 0.3687665457708197
-12 0.0
-23 0.3687665457708197
-11 0.0
-21 0.3687665457708197
-9 0.0
-23 0.3687665457708197
-11 0.0
-19 0.3687665457708197
-7 0.0
-23 0.3687665457708197
-11 0.0
-18 0.3687665457708197
-6 0.0
-23 0.3687665457708197
-11 0.0
-16 0.3687665457708197
-4 0.0
-23 0.3687665457708197
-11 0.0
-30 0.3610839094005943
-34 0.0
-17 0.0
-18 0.007682636370225411
-14 0.0
-11 0.0
-6 0.0
-2 0.0
6 0.02304790911067623
-6 0.007682636370225411
-2 0.0
-18 0.007682636370225411
-11 0.0
1 0.0
-18 0.1459700910342828
-14 0.0
-11 0.0
-23 0.17670063651518444
-14 0.007682636370225411
-11 0.0
-6 0.02304790911067623
-11 0.16133536377473362
-6 0.0
-14 0.0
-11 0.0
-2 0.007682636370225411
-29 0.16901800014495905
-23 0.0
-6 0.007682636370225411
-11 0.0
-2 0.0
-11 0.0
1 0.015365272740450821
-6 0.007682636370225411
-6 0.16133536377473362
-2 0.0
1 0.0
6 0.0
-6 0.0
-2 0.007682636370225411
-30 0.16901800014495905
-34 0.0
-23 0.0
-18 0.007682636370225411
-2 0.0
1 0.015365272740450821
-31 0.34571863666014346
-34 0.0
-20 0.0
-19 0.007682636370225411
-11 0.0
-7 0.0
-4 0.0
1 0.0
5 0.0
-19 0.18438327288540984
-16 0.0
-11 0.015365272740450821
-23 0.16133536377473362
-16 0.007682636370225411
-11 0.0
-7 0.030730545480901643
-11 0.15365272740450822
-7 0.0
-16 0.0
-4 0.015365272740450821
-11 0.0
-29 0.16133536377473362
-23 0.0
-7 0.007682636370225411
-11 0.0
-4 0.0
1 0.0
-11 0.0
-7 0.030730545480901643
-7 0.15365272740450822
-4 0.0
1 0.0
5 0.0
-7 0.0
-4 0.015365272740450821
-31 0.16133536377473362
-34 0.0
-23 0.0
-19 0.007682636370225411
-4 0.0
1 0.0
-33 0.3610839094005943
-34 0.0
-12 0.0
-21 0.007682636370225411
-14 0.0
-9 0.0
-6 0.0
-2 0.0
3 0.0
-9 0.16133536377473362
-21 0.02304790911067623
-14 0.0
-6 0.16901800014495905
-23 0.007682636370225411
-18 0.007682636370225411
-9 0.0
-9 0.16133536377473362
-14 0.02304790911067623
-6 0.0
-2 0.0
-14 0.0
-6 0.16901800014495905
1 0.007682636370225411
-29 0.0
-23 0.0
-11 0.007682636370225411
-14 0.0
-4 0.0
-9 0.0
-9 0.18438327288540984
-6 0.0
-2 0.0
-33 0.17670063651518444
1 0.0
-34 0.0
-23 0.0
-21 0.007682636370225411
-4 0.0
-38 0.3610839094005943
-34 0.0
-20 0.0
-26 0.007682636370225411
-14 0.0
-10 0.0
-7 0.0
-2 0.0
-26 0.0
-14 0.0
-2 0.0
2 0.0
5 0.0
10 0.0
-33 0.729850455171414
-34 0.0
-17 0.0
-21 0.007682636370225411
-14 0.0
-9 0.0
-6 0.0
-2 0.0
-21 0.0
3 0.0
6 0.0
-34 0.729850455171414
-34 0.0
-14 0.0
-26 0.007682636370225411
-14 0.0
-10 0.0
-7 0.0
-2 0.0
-26 0.0
-14 0.0
-2 0.0
2 0.0
5 0.0
10 0.0
-33 0.729850455171414
-34 0.0
-12 0.0
-21 0.007682636370225411
-14 0.0
-9 0.0
-6 0.0
-2 0.0
-21 0.0
3 0.0
6 0.0
-35 0.729850455171414
-34 0.0
-17 0.0
-7 0.007682636370225411
-23 0.0
-16 0.0
-13 0.0
-11 0.0
-7 0.0
-4 0.0
-23 0.0
-11 0.0
-4 0.0
1 0.0
5 0.0
8 0.0
-30 0.729850455171414
-34 0.0
-20 0.0
-6 0.007682636370225411
-18 0.0
-14 0.0
-11 0.0
-6 0.0
-2 0.0
-18 0.0
-11 0.0
-6 0.0
-2 0.0
6 0.0
-2 0.3687665457708197
10 0.0
-31 0.3610839094005943
-34 0.0
-12 0.0
-3 0.007682636370225411
-19 0.0
-9 0.0
-7 0.0
-3 0.0
-7 0.0
3 0.0
5 0.0
9 0.0
-35 0.729850455171414
-29 0.0
-23 0.0
-2 0.007682636370225411
-2 0.0
10 0.0
-36 0.3610839094005943
-34 0.0
-23 0.0
0 0.007682636370225411
0 0.0
12 0.0
-38 0.3610839094005943
-34 0.0
-23 0.0
1 0.007682636370225411
-26 0.0
-11 0.0
-2 0.0
1 0.0
13 0.0
-31 0.3610839094005943
-23 0.0
-19 0.007682636370225411
-26 0.3610839094005943
-29 0.0
-23 0.0
-14 0.007682636370225411
-26 0.17670063651518444
-38 0.18438327288540984
-34 0.0
-24 0.0
-11 0.007682636370225411
-37 0.3610839094005943
-34 0.0
-20 0.0
-9 0.007682636370225411
-25 0.0
-9 0.0
-6 0.0
-1 0.0
3 0.0
-23 0.3610839094005943
-18 0.007682636370225411
-29 0.3610839094005943
-23 0.0
-13 0.007682636370225411
-9 0.0
-6 0.0
-1 0.0
3 0.0
-37 0.3610839094005943
-34 0.0
-23 0.0
-9 0.007682636370225411
5 0.0
-7 0.18438327288540984
-30 0.17670063651518444
-34 0.0
-23 0.0
-11 0.007682636370225411
-18 0.0
-11 0.0
-6 0.0
-2 0.0
-6 0.0
-2 0.0
1 0.0
-23 0.3610839094005943
-18 0.007682636370225411
-29 0.3610839094005943
-23 0.0
-11 0.007682636370225411
-34 0.3610839094005943
-23 0.0
-33 0.3687665457708197
-34 0.0
-20 0.0
11 0.007682636370225411
-21 0.0
-2 0.0
3 0.0
10 0.3687665457708197
-14 0.0
-6 0.0
-29 0.3610839094005943
-27 0.0
6 0.007682636370225411
-9 0.0
-2 0.0
3 0.0
-33 0.3610839094005943
-34 0.0
-27 0.0
-2 0.007682636370225411
-14 0.0
-6 0.0
1 0.18438327288540984
-38 0.17670063651518444
-34 0.0
-27 0.0
-26 0.007682636370225411
-2 0.0
1 0.0
-27 0.3610839094005943
-19 0.007682636370225411
-7 0.0
-29 0.3610839094005943
-27 0.0
-14 0.007682636370225411
-2 0.0
1 0.0
-35 0.3610839094005943
-27 0.0
-19 0.007682636370225411
-7 0.0
-33 0.3610839094005943
-34 0.0
-27 0.0
10 0.007682636370225411
-21 0.0
-6 0.0
3 0.0
-27 0.3610839094005943
8 0.007682636370225411
-14 0.0
-29 0.3610839094005943
-27 0.0
6 0.007682636370225411
-9 0.0
-2 0.0
3 0.0
-33 0.3610839094005943
-34 0.0
-27 0.0
5 0.007682636370225411
-14 0.0
-6 0.0
1 0.18438327288540984
-38 0.17670063651518444
-34 0.0
-27 0.0
-26 0.007682636370225411
-7 0.0
-2 0.0
1 0.0
-23 0.3610839094005943
-29 0.3687665457708197
-27 0.0
-35 0.3687665457708197
-34 0.0
-23 0.0
-33 0.3687665457708197
-34 0.0
-20 0.0
10 0.007682636370225411
-21 0.0
-6 0.0
-2 0.0
3 0.0
6 0.3687665457708197
8 0.3687665457708197
-2 0.0
10 0.3687665457708197
3 0.0
6 0.18438327288540984
-37 0.17670063651518444
-34 0.0
-12 0.0
-25 0.007682636370225411
-13 0.0
-10 0.0
-6 0.0
-1 0.0
2 0.18438327288540984
-18 1.2830002738276436
-18 0.3687665457708197
-18 0.5531498186562296
-35 0.5531498186562296
-34 0.0
-20 0.0
9 0.007682636370225411
10 0.0
-23 0.0
-9 0.0
-6 0.0
-1 0.0
10 0.0
-3 0.0
-2 0.0
8 0.3687665457708197
8 0.0
-4 0.0
8 0.3687665457708197
-6 0.0
-1 0.0
8 0.0
-4 0.0
6 0.3687665457708197
-11 0.0
6 0.0
-6 0.0
6 0.3687665457708197
-9 0.0
-6 0.0
-1 0.0
6 0.0
-6 0.0
3 0.3687665457708197
3 0.0
-9 0.0
-11 0.18438327288540984
5 0.5531498186562296
5 0.0
-7 0.0
-30 0.3610839094005943
-34 0.0
-17 0.0
6 0.007682636370225411
-30 0.0
-11 0.0
-6 0.0
-2 0.0
-6 0.0
-2 0.0
6 0.0
-6 0.0
-23 0.3687665457708197
-18 0.3610839094005943
-18 0.007682636370225411
-2 0.0
-34 0.3610839094005943
1 0.007682636370225411
-34 0.3610839094005943
-18 0.0
-13 0.007682636370225411
-6 0.0
-1 0.0
3 0.0
-1 0.0
3 0.0
1 0.3687665457708197
5 0.0
5 0.0
-18 0.3610839094005943
-1 0.007682636370225411
3 0.0
3 0.0
5 0.3687665457708197
5 0.0
-34 0.3610839094005943
-18 0.0
-14 0.007682636370225411
-2 0.0
1 0.0
-2 0.0
1 0.0
-6 0.3687665457708197
-18 0.3610839094005943
-2 0.007682636370225411
-34 0.3610839094005943
1 0.007682636370225411
-34 0.3610839094005943
-18 0.0
-15 0.007682636370225411
-3 0.0
0 0.0
3 0.0
-3 0.0
3 0.0
5 0.3687665457708197
5 0.0
-18 0.3610839094005943
3 0.007682636370225411
3 0.0
5 0.3687665457708197
5 0.0
-34 0.3610839094005943
-18 0.0
-16 0.007682636370225411
-4 0.0
1 0.0
-7 0.0
-4 0.0
1 0.0
-7 0.3687665457708197
-18 0.3610839094005943
-4 0.007682636370225411
1 0.3687665457708197
-34 0.3610839094005943
-18 0.0
-8 0.007682636370225411
-4 0.0
1 0.0
-8 0.0
1 0.0
-1 0.3687665457708197
-1 0.0
-18 0.3610839094005943
-1 0.007682636370225411
-1 0.0
-34 0.3610839094005943
-2 0.007682636370225411
-2 0.0
-34 0.3610839094005943
-18 0.0
-17 0.007682636370225411
-9 0.0
-5 0.0
-2 0.0
-9 0.0
-5 0.0
-9 0.3687665457708197
-18 0.3610839094005943
-5 0.007682636370225411
-23 0.3610839094005943
1 0.007682636370225411
-23 0.3610839094005943
-18 0.0
1 0.007682636370225411
1 0.0
-25 0.3610839094005943
-1 0.007682636370225411
-1 0.0
-18 0.3610839094005943
-1 0.007682636370225411
-1 0.0
-26 0.3610839094005943
-2 0.007682636370225411
-2 0.0
-26 0.3610839094005943
-18 0.0
-33 0.007682636370225411
-21 0.0
-9 0.0
-2 0.0
-2 0.0
-29 0.3610839094005943
-5 0.007682636370225411
-5 0.0
-33 0.3610839094005943
-18 0.0
-9 0.007682636370225411
-9 0.0
-35 0.3610839094005943
-11 0.007682636370225411
-11 0.0
-36 0.3610839094005943
-20 0.0
-16 0.007682636370225411
-12 0.0
-9 0.0
-4 0.0
-12 0.0
-4 0.0
-21 0.3380360002899181
-16 0.38413181851127054
-4 0.015365272740450821
-21 0.40717972762194676
-11 0.33035336391969267
-9 0.0
-7 0.02304790911067623
-23 0.007682636370225411
-16 0.0
-11 0.0
-7 0.4916887276944263
-12 0.2151138183663115
-12 0.11523954555338116
-9 0.007682636370225411
-24 0.007682636370225411
-9 0.4763234549539755
-12 0.007682636370225411
-13 0.30730545480901644
-10 0.15365272740450822
-25 0.007682636370225411
-13 0.007682636370225411
-4 0.6222935459882583
-14 0.4993713640646517
-7 0.0
-14 0.2151138183663115
-26 0.007682636370225411
-11 0.0
-4 0.860455273465246
-28 1.3137308193085453
-16 0.0
-12 0.0
-28 0.3687665457708197
-16 0.04609581822135246
-12 0.04609581822135246
-9 0.04609581822135246
-4 0.04609581822135246
