-5 0.046439909297052155
-123 0.046439909297052155
-123 0.046439909297052155
-123 0.046439909297052155
-123 0.046439909297052155
-123 0.046439909297052155
-123 0.046439909297052155
-123 0.046439909297052155
-10 0.046439909297052155
-123 0.046439909297052155
-123 0.046439909297052155
-123 0.046439909297052155
-9 0.046439909297052155
-123 0.046439909297052155
-123 0.046439909297052155
-123 0.046439909297052155
-7 0.046439909297052155
-123 0.046439909297052155
-123 0.046439909297052155
-123 0.046439909297052155
-123 0.046439909297052155
-123 0.046439909297052155
-123 0.046439909297052155
-123 0.046439909297052155
-9 0.046439909297052155
-123 0.046439909297052155
-123 0.046439909297052155
-123 0.046439909297052155
-10 0.046439909297052155
-123 0.046439909297052155
-123 0.046439909297052155
-123 0.046439909297052155
-123 0.046439909297052155
-12 0.046439909297052155
-123 0.046439909297052155
-123 0.046439909297052155
-123 0.046439909297052155
-123 0.046439909297052155
-123 0.046439909297052155
-123 0.046439909297052155
-12 0.046439909297052155
-123 0.046439909297052155
-123 0.046439909297052155
-123 0.046439909297052155
-9 0.046439909297052155
-123 0.046439909297052155
-123 0.046439909297052155
-123 0.046439909297052155
-123 0.046439909297052155
-5 0.046439909297052155
-123 0.046439909297052155
-123 0.046439909297052155
-123 0.046439909297052155
-123 0.046439909297052155
-123 0.046439909297052155
-123 0.046439909297052155
-7 0.046439909297052155
-123 0.046439909297052155
-123 0.046439909297052155
-123 0.046439909297052155
-123 0.046439909297052155
-9 0.046439909297052155
-123 0.046439909297052155
-123 0.046439909297052155
-123 0.046439909297052155
-10 0.046439909297052155
-123 0.046439909297052155
-123 0.046439909297052155
-123 0.046439909297052155
-123 0.046439909297052155
-123 0.046439909297052155
-123 0.046439909297052155
-123 0.046439909297052155
-123 0.046439909297052155
-123 0.046439909297052155
-123 0.046439909297052155
-123 0.046439909297052155
-9 0.046439909297052155
-123 0.046439909297052155
-123 0.046439909297052155
-123 0.046439909297052155
-7 0.046439909297052155
-123 0.046439909297052155
-123 0.046439909297052155
-123 0.046439909297052155
-123 0.046439909297052155
-123 0.046439909297052155
-123 0.046439909297052155
-123 0.046439909297052155
-5 0.046439909297052155
-123 0.046439909297052155
-123 0.046439909297052155
-123 0.046439909297052155
-123 0.046439909297052155
-123 0.046439909297052155
-123 0.046439909297052155
-123 0.046439909297052155
-9 0.046439909297052155
-123 0.046439909297052155
-123 0.046439909297052155
-123 0.046439909297052155
-123 0.046439909297052155
-123 0.046439909297052155
-123 0.046439909297052155
-123 0.046439909297052155
-12 0.046439909297052155
-123 0.046439909297052155
-123 0.046439909297052155
-123 0.046439909297052155
-123 0.046439909297052155
-123 0.046439909297052155
-123 0.046439909297052155
-123 0.046439909297052155
-12 0.046439909297052155
-123 0.046439909297052155
-123 0.046439909297052155
-123 0.046439909297052155
-123 0.046439909297052155
-123 0.046439909297052155
-123 0.046439909297052155
-123 0.046439909297052155
-123 0.046439909297052155
-123 0.046439909297052155
-123 0.046439909297052155
-123 0.046439909297052155
-123 0.046439909297052155
-123 0.046439909297052155
-123 0.046439909297052155
-123 0.046439909297052155
-123 0.046439909297052155
-123 0.046439909297052155
-123 0.046439909297052155
-123 0.046439909297052155
-7 0.046439909297052155
-123 0.046439909297052155
-123 0.046439909297052155
-123 0.046439909297052155
-123 0.046439909297052155
-123 0.046439909297052155
-123 0.046439909297052155
-123 0.046439909297052155
-123 0.046439909297052155
-4 0.046439909297052155
-123 0.046439909297052155
-123 0.046439909297052155
-123 0.046439909297052155
0 0.046439909297052155
-123 0.046439909297052155
-123 0.046439909297052155
-123 0.046439909297052155
-123 0.046439909297052155
-123 0.046439909297052155
-123 0.046439909297052155
-2 0.046439909297052155
-123 0.046439909297052155
-123 0.046439909297052155
-123 0.046439909297052155
-4 0.046439909297052155
-123 0.046439909297052155
-123 0.046439909297052155
-123 0.046439909297052155
-123 0.046439909297052155
-5 0.046439909297052155
-123 0.046439909297052155
-123 0.046439909297052155
-123 0.046439909297052155
-123 0.046439909297052155
-123 0.046439909297052155
-5 0.046439909297052155
-123 0.046439909297052155
-123 0.046439909297052155
-123 0.046439909297052155
-123 0.046439909297052155
-123 0.046439909297052155
-9 0.046439909297052155
-123 0.046439909297052155
-123 0.046439909297052155
-123 0.046439909297052155
-5 0.046439909297052155
-123 0.046439909297052155
-123 0.046439909297052155
-123 0.046439909297052155
-123 0.046439909297052155
-123 0.046439909297052155
-123 0.046439909297052155
-123 0.046439909297052155
-7 0.046439909297052155
-123 0.046439909297052155
-123 0.046439909297052155
-123 0.046439909297052155
-9 0.046439909297052155
-123 0.046439909297052155
-123 0.046439909297052155
-123 0.046439909297052155
-10 0.046439909297052155
-123 0.046439909297052155
-123 0.046439909297052155
-123 0.046439909297052155
-123 0.046439909297052155
-123 0.046439909297052155
-123 0.046439909297052155
-123 0.046439909297052155
-10 0.046439909297052155
-123 0.046439909297052155
-123 0.046439909297052155
-123 0.046439909297052155
-9 0.046439909297052155
-123 0.046439909297052155
-123 0.046439909297052155
-123 0.046439909297052155
-7 0.046439909297052155
-123 0.046439909297052155
-123 0.046439909297052155
-123 0.046439909297052155
-123 0.046439909297052155
-123 0.046439909297052155
-123 0.046439909297052155
-123 0.046439909297052155
-5 0.046439909297052155
-123 0.046439909297052155
-123 0.046439909297052155
-123 0.046439909297052155
-123 0.046439909297052155
-123 0.046439909297052155
-123 0.046439909297052155
-123 0.046439909297052155
-9 0.046439909297052155
-123 0.046439909297052155
-123 0.046439909297052155
-123 0.046439909297052155
-123 0.046439909297052155
-123 0.046439909297052155
-123 0.046439909297052155
-123 0.046439909297052155
-12 0.046439909297052155
-123 0.046439909297052155
-123 0.046439909297052155
-123 0.046439909297052155
-123 0.046439909297052155
-123 0.046439909297052155
-123 0.046439909297052155
-123 0.046439909297052155
-12 0.046439909297052155
-123 1.0
