-7 1.2000000000000002
-7 0.0
-7 0.0
-35 0.00625
-35 0.0
-4 0.14375000000000002
-4 0.0
-4 0.0
1 0.15000000000000002
1 0.0
1 0.0
5 0.15000000000000002
1 0.0
5 0.0
1 0.0
5 0.30000000000000004
1 0.0
5 0.0
1 0.0
1 0.30000000000000004
-7 0.0
1 0.0
-7 0.0
3 0.15000000000000002
-6 0.0
3 0.0
-6 0.0
6 0.30000000000000004
-2 0.0
6 0.0
-2 0.0
5 0.30000000000000004
-4 0.0
5 0.0
-4 0.0
-40 0.278125
-40 0.0
1 0.021875000000000002
-7 0.0
1 0.0
-7 0.0
-35 0.278125
-35 0.0
-11 0.021875000000000002
-11 0.0
-11 0.0
-7 0.15000000000000002
-7 0.0
-7 0.0
-4 0.15000000000000002
-4 0.0
-4 0.0
1 0.15000000000000002
-7 0.0
1 0.0
-7 0.0
1 0.30000000000000004
-7 0.0
1 0.0
-7 0.0
-9 0.30000000000000004
-9 0.0
-9 0.0
0 0.15000000000000002
-4 0.0
0 0.0
-4 0.0
27 0.07500000000000001
27 0.0
29 0.07500000000000001
29 0.0
3 0.15000000000000002
-6 0.0
27 0.0
27 0.0
3 0.0
-6 0.0
25 0.15000000000000002
25 0.0
1 0.15000000000000002
-7 0.0
27 0.0
27 0.0
1 0.0
-7 0.0
25 0.15000000000000002
25 0.0
20 0.15000000000000002
20 0.0
17 0.15000000000000002
17 0.0
-35 0.14375000000000002
-35 0.0
-7 0.00625
-7 0.0
17 0.0
17 0.0
-7 0.0
-4 0.15000000000000002
-4 0.0
20 0.0
20 0.0
-4 0.0
1 0.15000000000000002
1 0.0
25 0.0
25 0.0
1 0.0
5 0.15000000000000002
1 0.0
29 0.0
29 0.0
5 0.0
1 0.0
5 0.30000000000000004
1 0.0
29 0.0
29 0.0
5 0.0
1 0.0
1 0.30000000000000004
-7 0.0
25 0.0
25 0.0
1 0.0
-7 0.0
3 0.15000000000000002
-6 0.0
27 0.0
27 0.0
3 0.0
-6 0.0
6 0.30000000000000004
-2 0.0
30 0.0
30 0.0
6 0.0
-2 0.0
5 0.30000000000000004
-4 0.0
29 0.0
29 0.0
5 0.0
-4 0.0
-40 0.26875
-40 0.0
1 0.03125
-7 0.0
25 0.0
25 0.0
1 0.0
-7 0.0
-35 0.26406250000000003
-35 0.0
-11 0.035937500000000004
-11 0.0
13 0.0
13 0.0
-11 0.0
-7 0.15000000000000002
-7 0.0
17 0.0
17 0.0
-7 0.0
-4 0.15000000000000002
-4 0.0
20 0.0
20 0.0
-4 0.0
1 0.15000000000000002
-7 0.0
25 0.0
25 0.0
1 0.0
-7 0.0
1 0.30000000000000004
-7 0.0
25 0.0
25 0.0
1 0.0
-7 0.0
-9 0.30000000000000004
-9 0.0
15 0.0
15 0.0
-9 0.0
0 0.15000000000000002
-4 0.0
24 0.0
24 0.0
0 0.0
-4 0.0
-28 0.29375
-28 0.0
3 0.00625
-6 0.0
27 0.0
27 0.0
3 0.0
-6 0.0
1 0.30000000000000004
1 0.0
25 0.0
25 0.0
1 0.0
-7 0.07500000000000001
-7 0.0
27 0.0
27 0.0
-7 0.0
1 0.07500000000000001
1 0.0
25 0.0
25 0.0
1 0.0
-7 0.07500000000000001
-7 0.0
27 0.0
27 0.0
-7 0.0
-23 0.05625
-23 0.0
1 0.018750000000000003
1 0.0
25 0.0
25 0.0
1 0.0
-7 0.07500000000000001
-7 0.0
27 0.0
27 0.0
-7 0.0
1 0.07500000000000001
1 0.0
25 0.0
25 0.0
1 0.0
-35 0.13125
-35 0.0
-7 0.018750000000000003
-11 0.0
-7 0.0
-11 0.0
8 0.26406250000000003
5 0.0
8 0.0
5 0.0
1 0.003125
1 0.0
-4 0.0078125
-4 0.0
1 0.1375
1 0.0
5 0.004687500000000001
8 0.0
5 0.0
8 0.0
-31 0.004687500000000001
-31 0.0
1 0.015625
1 0.0
-4 0.0125
-7 0.0
-4 0.0
-7 0.0
-28 0.1234375
-28 0.0
1 0.15000000000000002
1 0.0
-9 0.026562500000000003
-12 0.0
-9 0.0
-12 0.0
-28 0.1015625
-28 0.0
5 0.00625
5 0.0
1 0.004687500000000001
1 0.0
8 0.004687500000000001
8 0.0
1 0.1375
1 0.0
0 0.1421875
0 0.0
-9 0.053125000000000006
-12 0.0
-9 0.0
-12 0.0
-40 0.240625
-40 0.0
3 0.004687500000000001
3 0.0
0 0.025
8 0.0
3 0.0
0 0.0
8 0.0
3 0.0
-9 0.029687500000000002
-12 0.0
-9 0.0
-12 0.0
1 0.2515625
1 0.0
-7 0.0484375
-11 0.0
-7 0.0
-11 0.0
1 0.2484375
1 0.0
5 0.003125
8 0.0
5 0.0
8 0.0
-35 0.004687500000000001
-4 0.0
-4 0.0
-35 0.0
-7 0.043750000000000004
-11 0.0
-7 0.0
-11 0.0
-35 0.25
-35 0.0
-7 0.05
-11 0.0
-7 0.0
-11 0.0
-4 0.15000000000000002
-7 0.0
-4 0.0
-7 0.0
5 0.10625000000000001
1 0.0
8 0.0
5 0.0
1 0.0
8 0.0
-7 0.003125
-7 0.0
1 0.040625
-4 0.0
1 0.0
-4 0.0
1 0.11875000000000001
1 0.0
5 0.0015625
5 0.0
-31 0.003125
-31 0.0
8 0.0015625
8 0.0
-4 0.0125
-4 0.0
5 0.0125
1 0.0
5 0.0
1 0.0
-4 0.2734375
-4 0.0
5 0.026562500000000003
1 0.0
5 0.0
1 0.0
5 0.115625
1 0.0
5 0.0
1 0.0
-28 0.003125
-28 0.0
8 0.003125
8 0.0
-4 0.12812500000000002
-4 0.0
5 0.05
1 0.0
5 0.0
1 0.0
-9 0.11093750000000001
-9 0.0
3 0.0390625
0 0.0
3 0.0
0 0.0
8 0.24375000000000002
8 0.0
0 0.0015625
0 0.0
3 0.0015625
3 0.0
-28 0.00625
-28 0.0
-4 0.009375000000000001
-4 0.0
-4 0.037500000000000006
-9 0.0
-4 0.0
-9 0.0
-7 0.246875
-7 0.0
-7 0.053125000000000006
-11 0.0
-7 0.0
-11 0.0
1 0.2625
8 0.0
1 0.0
8 0.0
-23 0.003125
5 0.0
5 0.0
-23 0.0
-35 0.296875
-35 0.0
-7 0.037500000000000006
-11 0.0
-7 0.0
-11 0.0
-4 0.275
-4 0.0
1 0.018750000000000003
1 0.0
8 0.0015625
5 0.0
8 0.0
5 0.0
-31 0.1453125
1 0.0
1 0.0
-31 0.0
-4 0.009375000000000001
-7 0.0
-4 0.0
-7 0.0
1 0.0015625
5 0.0
1 0.0
5 0.0
8 0.004687500000000001
8 0.0
1 0.2671875
1 0.0
-28 0.026562500000000003
-9 0.0
-12 0.0
-9 0.0
-12 0.0
-28 0.0
1 0.1265625
5 0.0
1 0.0
5 0.0
1 0.0078125
1 0.0
8 0.004687500000000001
8 0.0
-40 0.27187500000000003
-40 0.0
0 0.0125
0 0.0
-9 0.026562500000000003
-12 0.0
-9 0.0
-12 0.0
-40 0.2625
-40 0.0
3 0.0078125
0 0.0
8 0.0
3 0.0
0 0.0
8 0.0
3 0.004687500000000001
3 0.0
-9 0.025
-12 0.0
-9 0.0
-12 0.0
1 0.2609375
1 0.0
-35 0.018750000000000003
-35 0.0
-7 0.0203125
-11 0.0
-7 0.0
-11 0.0
8 0.2578125
1 0.0
8 0.0
1 0.0
5 0.00625
5 0.0
-35 0.0015625
-35 0.0
-4 0.010937500000000001
-4 0.0
-7 0.0234375
-11 0.0
-7 0.0
-11 0.0
-35 0.259375
-35 0.0
-7 0.040625
-11 0.0
-7 0.0
-11 0.0
-4 0.15000000000000002
-7 0.0
-4 0.0
-7 0.0
-7 0.08281250000000001
-7 0.0
5 0.037500000000000006
5 0.0
1 0.003125
1 0.0
8 0.0015625
8 0.0
1 0.025
-4 0.0
1 0.0
-4 0.0
-4 0.11875000000000001
-4 0.0
1 0.00625
1 0.0
5 0.0015625
5 0.0
-31 0.004687500000000001
-31 0.0
8 0.0015625
8 0.0
5 0.0171875
1 0.0
5 0.0
1 0.0
-4 0.2671875
-4 0.0
5 0.0328125
1 0.0
5 0.0
1 0.0
5 0.1078125
5 0.0
1 0.0015625
1 0.0
8 0.004687500000000001
8 0.0
-28 0.0015625
-28 0.0
-4 0.1390625
-4 0.0
5 0.045312500000000006
1 0.0
5 0.0
1 0.0
-9 0.1203125
-9 0.0
3 0.029687500000000002
0 0.0
3 0.0
0 0.0
-28 0.2421875
-28 0.0
0 0.003125
0 0.0
3 0.003125
3 0.0
8 0.0015625
8 0.0
-4 0.0125
-4 0.0
3 0.037500000000000006
0 0.0
3 0.0
0 0.0
-7 0.234375
-7 0.0
1 0.065625
-7 0.0
1 0.0
-7 0.0
-23 0.234375
-23 0.0
1 0.015625
1 0.0
8 0.0015625
8 0.0
5 0.003125
5 0.0
-30 0.30781250000000004
-30 0.0
-2 0.037500000000000006
-2 0.0
1 0.15000000000000002
1 0.0
-2 0.1
-2 0.0
1 0.010937500000000001
1 0.0
-2 0.0015625
-2 0.0
6 0.0015625
6 0.0
6 0.035937500000000004
6 0.0
-2 0.1125
-2 0.0
1 0.0015625
1 0.0
6 0.004687500000000001
6 0.0
1 0.010937500000000001
1 0.0
-26 0.004687500000000001
-26 0.0
6 0.015625
10 0.0
6 0.0
10 0.0
1 0.275
1 0.0
6 0.025
10 0.0
6 0.0
10 0.0
-23 0.1125
-23 0.0
-2 0.0015625
6 0.0
-2 0.0
6 0.0
1 0.003125
1 0.0
-2 0.1453125
-2 0.0
-4 0.15781250000000002
-4 0.0
8 0.029687500000000002
5 0.0
8 0.0
5 0.0
-4 0.265625
-4 0.0
1 0.0015625
1 0.0
-23 0.0015625
1 0.0
5 0.0
1 0.0
5 0.0
-23 0.0
5 0.03125
1 0.0
5 0.0
1 0.0
5 0.1171875
-4 0.0
5 0.0
-4 0.0
1 0.004687500000000001
1 0.0
-4 0.134375
-4 0.0
1 0.043750000000000004
-4 0.0
1 0.0
-4 0.0
1 0.2546875
1 0.0
-4 0.003125
5 0.0
-4 0.0
5 0.0
-23 0.004687500000000001
-23 0.0
1 0.018750000000000003
1 0.0
5 0.018750000000000003
1 0.0
5 0.0
1 0.0
-40 0.25625000000000003
-40 0.0
-9 0.043750000000000004
-4 0.0
-9 0.0
-4 0.0
-4 0.15000000000000002
0 0.0
-4 0.0
0 0.0
-4 0.1125
-4 0.0
0 0.0015625
0 0.0
3 0.004687500000000001
3 0.0
3 0.003125
3 0.0
0 0.028125
3 0.0
0 0.0
3 0.0
-4 0.1171875
3 0.0
-4 0.0
3 0.0
0 0.0015625
0 0.0
-36 0.025
-36 0.0
3 0.00625
8 0.0
3 0.0
8 0.0
3 0.0015625
3 0.0
3 0.284375
3 0.0
6 0.0140625
3 0.0
6 0.0
3 0.0
0 0.10312500000000001
0 0.0
3 0.004687500000000001
3 0.0
-33 0.003125
-4 0.0
-4 0.0
-33 0.0
1 0.146875
1 0.0
3 0.13593750000000002
3 0.0
5 0.0328125
5 0.0
1 0.2734375
-4 0.0
1 0.0
-4 0.0
5 0.00625
5 0.0
-23 0.00625
-23 0.0
3 0.0015625
3 0.0
5 0.035937500000000004
1 0.0
5 0.0
1 0.0
5 0.10625000000000001
-4 0.0
1 0.0
5 0.0
-4 0.0
1 0.0
1 0.1609375
1 0.0
-28 0.2609375
-28 0.0
-4 0.0078125
1 0.0
-4 0.0
1 0.0
5 0.00625
5 0.0
1 0.0578125
-4 0.0
1 0.0
-4 0.0
-30 0.26875
-30 0.0
10 0.03125
25 0.0
22 0.0
10 0.0
8 0.15000000000000002
24 0.0
20 0.0
8 0.0
-2 0.10312500000000001
-2 0.0
1 0.0015625
6 0.0
1 0.0
6 0.0
-2 0.026562500000000003
-2 0.0
6 0.018750000000000003
22 0.0
18 0.0
6 0.0
-2 0.109375
-2 0.0
1 0.004687500000000001
1 0.0
6 0.004687500000000001
6 0.0
1 0.0125
1 0.0
-26 0.018750000000000003
5 0.0
20 0.0
17 0.0
5 0.0
-26 0.0
3 0.15000000000000002
18 0.0
15 0.0
3 0.0
1 0.1171875
1 0.0
1 0.0328125
17 0.0
13 0.0
1 0.0
-23 0.11406250000000001
6 0.0
-2 0.0
1 0.0
6 0.0
-2 0.0
1 0.0
-23 0.0
0 0.035937500000000004
15 0.0
12 0.0
0 0.0
-2 0.1015625
-2 0.0
-2 0.0484375
13 0.0
10 0.0
-2 0.0
-4 0.1078125
-4 0.0
-4 0.0421875
13 0.0
8 0.0
-4 0.0
-4 0.15000000000000002
13 0.0
8 0.0
-4 0.0
1 0.08750000000000001
1 0.0
-4 0.0015625
-4 0.0
5 0.003125
5 0.0
1 0.0140625
1 0.0
-23 0.015625
-23 0.0
1 0.028125
17 0.0
13 0.0
1 0.0
-4 0.09375
5 0.0
-4 0.0
5 0.0
1 0.004687500000000001
1 0.0
1 0.051562500000000004
17 0.0
13 0.0
1 0.0
-4 0.1
-4 0.0
5 0.05
20 0.0
17 0.0
5 0.0
25 0.15000000000000002
-4 0.09375
1 0.0
5 0.0
-4 0.0
1 0.0
5 0.0
-28 0.025
-28 0.0
1 0.0078125
1 0.0
8 0.0234375
24 0.0
20 0.0
8 0.0
25 0.15000000000000002
-28 0.1234375
-28 0.0
20 0.026562500000000003
20 0.0
18 0.037500000000000006
18 0.0
17 0.037500000000000006
17 0.0
15 0.037500000000000006
15 0.0
13 0.037500000000000006
13 0.0
12 0.037500000000000006
12 0.0
10 0.037500000000000006
10 0.0
0 0.028125
3 0.0
0 0.0
3 0.0
-4 0.003125
-4 0.0
8 0.00625
8 0.0
3 0.00625
3 0.0
6 0.03125
6 0.0
5 0.037500000000000006
5 0.0
3 0.037500000000000006
3 0.0
1 0.037500000000000006
1 0.0
-4 0.003125
3 0.0
-4 0.0
3 0.0
0 0.004687500000000001
0 0.0
-28 0.010937500000000001
-28 0.0
3 0.0140625
3 0.0
0 0.004687500000000001
0 0.0
-2 0.037500000000000006
-2 0.0
-4 0.037500000000000006
-4 0.0
-6 0.037500000000000006
-6 0.0
-7 0.037500000000000006
-7 0.0
-9 0.037500000000000006
-9 0.0
-11 0.037500000000000006
-11 0.0
-9 0.037500000000000006
-9 0.0
3 0.018750000000000003
3 0.0
-7 0.018750000000000003
-7 0.0
-6 0.037500000000000006
-6 0.0
-4 0.037500000000000006
-4 0.0
-2 0.037500000000000006
-2 0.0
3 0.018750000000000003
0 0.0
3 0.0
0 0.0
-4 0.0015625
-4 0.0
0 0.0171875
0 0.0
1 0.037500000000000006
1 0.0
3 0.037500000000000006
3 0.0
1 0.015625
1 0.0
5 0.021875000000000002
5 0.0
6 0.037500000000000006
6 0.0
8 0.037500000000000006
8 0.0
10 0.037500000000000006
10 0.0
3 0.0203125
3 0.0
12 0.0171875
12 0.0
-35 0.009375000000000001
-35 0.0
5 0.00625
5 0.0
13 0.021875000000000002
13 0.0
1 0.23593750000000002
-4 0.0
5 0.0
1 0.0
-4 0.0
5 0.0
3 0.026562500000000003
3 0.0
1 0.278125
1 0.0
17 0.30312500000000003
-7 0.0
17 0.0
-7 0.0
-31 0.05625
17 0.0
17 0.0
-31 0.0
13 0.26406250000000003
-11 0.0
13 0.0
-11 0.0
-35 0.035937500000000004
13 0.0
13 0.0
-35 0.0
-35 0.5859375
-35 0.0
5 0.045312500000000006
5 0.0
-35 0.140625
-35 0.0
3 0.0328125
3 0.0
-35 0.22968750000000002
-35 0.0
1 0.028125
1 0.0
-30 0.11875000000000001
-30 0.0
-6 0.018750000000000003
-14 0.0
10 0.0
-6 0.0
-14 0.0
-2 0.0171875
-2 0.0
-2 0.1328125
-11 0.0
-2 0.0
-11 0.0
-2 0.1328125
-2 0.0
6 0.0015625
6 0.0
1 0.0015625
1 0.0
-2 0.0140625
-6 0.0
-2 0.0
-6 0.0
-26 0.1453125
-26 0.0
-2 0.003125
-2 0.0
1 0.0015625
6 0.0
-2 0.0
-2 0.0
1 0.0
6 0.0
1 0.07500000000000001
1 0.0
-2 0.07500000000000001
-2 0.0
1 0.07500000000000001
1 0.0
-2 0.07500000000000001
-2 0.0
1 0.07500000000000001
1 0.0
-23 0.053125000000000006
-23 0.0
-2 0.021875000000000002
-6 0.0
-2 0.0
-6 0.0
6 0.003125
-2 0.0
6 0.0
-2 0.0
1 0.004687500000000001
1 0.0
-7 0.2921875
1 0.0
8 0.0
-7 0.0
1 0.0
-4 0.15000000000000002
5 0.0
-4 0.0
5 0.0
-35 0.10625000000000001
-35 0.0
1 0.028125
-4 0.0
1 0.0
-4 0.0
5 0.004687500000000001
5 0.0
-4 0.010937500000000001
5 0.0
-4 0.0
5 0.0
-35 0.11406250000000001
-35 0.0
-4 0.028125
-4 0.0
5 0.0015625
5 0.0
1 0.0015625
1 0.0
-4 0.004687500000000001
5 0.0
-4 0.0
5 0.0
5 0.0078125
5 0.0
-31 0.12187500000000001
-31 0.0
-7 0.0203125
1 0.0
-7 0.0
1 0.0
3 0.125
3 0.0
-28 0.140625
-28 0.0
1 0.0125
1 0.0
-4 0.003125
5 0.0
-4 0.0
5 0.0
-11 0.018750000000000003
-4 0.0
-11 0.0
-4 0.0
1 0.09375
1 0.0
3 0.15781250000000002
3 0.0
-40 0.010937500000000001
-40 0.0
-4 0.037500000000000006
-12 0.0
12 0.0
-4 0.0
-12 0.0
0 0.15000000000000002
-9 0.0
0 0.0
-9 0.0
0 0.11406250000000001
3 0.0
0 0.0
3 0.0
-4 0.003125
-4 0.0
3 0.0328125
-4 0.0
3 0.0
-4 0.0
3 0.11406250000000001
-4 0.0
3 0.0
-4 0.0
0 0.004687500000000001
0 0.0
-36 0.021875000000000002
-36 0.0
0 0.009375000000000001
0 0.0
3 0.07500000000000001
3 0.0
0 0.07500000000000001
0 0.0
3 0.07500000000000001
3 0.0
0 0.07500000000000001
0 0.0
3 0.07500000000000001
3 0.0
0 0.040625
-4 0.0
3 0.0
0 0.0
-4 0.0
3 0.0
-33 0.003125
-33 0.0
-4 0.03125
0 0.0
-4 0.0
0 0.0
-23 0.278125
-23 0.0
-7 0.021875000000000002
1 0.0
13 0.0
-7 0.0
1 0.0
-23 0.12812500000000002
-23 0.0
-7 0.021875000000000002
1 0.0
-7 0.0
1 0.0
-4 0.11406250000000001
1 0.0
5 0.0
-4 0.0
1 0.0
5 0.0
-23 0.0125
-23 0.0
-7 0.0234375
1 0.0
-7 0.0
1 0.0
-23 0.10625000000000001
-23 0.0
-7 0.043750000000000004
1 0.0
-7 0.0
1 0.0
5 0.018750000000000003
5 0.0
-7 0.13125
1 0.0
-7 0.0
1 0.0
-26 0.0390625
-26 0.0
3 0.09531250000000001
3 0.0
-4 0.1453125
-4 0.0
1 0.0015625
5 0.0
1 0.0
5 0.0
-28 0.003125
-28 0.0
-7 0.015625
1 0.0
-7 0.0
1 0.0
1 0.09375
1 0.0
-2 0.16875
-2 0.0
-30 0.018750000000000003
-30 0.0
-6 0.018750000000000003
-14 0.0
10 0.0
-6 0.0
-14 0.0
-2 0.15000000000000002
-11 0.0
-2 0.0
-11 0.0
-6 0.11875000000000001
-6 0.0
-2 0.0078125
6 0.0
1 0.0
-2 0.0
6 0.0
1 0.0
-6 0.0234375
-2 0.0
-6 0.0
-2 0.0
5 0.13593750000000002
5 0.0
-2 0.004687500000000001
-2 0.0
1 0.003125
6 0.0
1 0.0
6 0.0
-2 0.00625
-2 0.0
-26 0.00625
-26 0.0
1 0.06875
1 0.0
-2 0.07500000000000001
-2 0.0
1 0.07500000000000001
1 0.0
3 0.043750000000000004
3 0.0
-2 0.03125
-2 0.0
1 0.07500000000000001
1 0.0
-23 0.05
-23 0.0
-2 0.0125
-2 0.0
6 0.0015625
1 0.0
6 0.0
1 0.0
-2 0.010937500000000001
-6 0.0
-2 0.0
-6 0.0
1 0.096875
1 0.0
-2 0.17500000000000002
-2 0.0
-4 0.028125
-12 0.0
8 0.0
-4 0.0
-12 0.0
0 0.15000000000000002
-9 0.0
0 0.0
-9 0.0
-4 0.11406250000000001
-4 0.0
0 0.004687500000000001
3 0.0
0 0.0
3 0.0
8 0.003125
8 0.0
-40 0.0015625
-40 0.0
0 0.026562500000000003
-4 0.0
0 0.0
-4 0.0
0 0.1171875
0 0.0
-40 0.0015625
-40 0.0
8 0.003125
8 0.0
3 0.003125
3 0.0
5 0.0140625
5 0.0
0 0.010937500000000001
0 0.0
3 0.07500000000000001
3 0.0
-36 0.051562500000000004
-36 0.0
0 0.0234375
0 0.0
3 0.07500000000000001
3 0.0
3 0.051562500000000004
3 0.0
0 0.0234375
0 0.0
3 0.07500000000000001
3 0.0
0 0.0125
0 0.0
8 0.0015625
3 0.0
8 0.0
3 0.0
-33 0.0328125
-33 0.0
-4 0.028125
0 0.0
-4 0.0
0 0.0
1 0.09843750000000001
1 0.0
5 0.15781250000000002
5 0.0
-35 0.0125
-35 0.0
-11 0.03125
-7 0.0
13 0.0
-11 0.0
-7 0.0
-7 0.15000000000000002
-4 0.0
-7 0.0
-4 0.0
-4 0.09531250000000001
1 0.0
5 0.0
-4 0.0
1 0.0
5 0.0
-4 0.0546875
1 0.0
-4 0.0
1 0.0
-4 0.10312500000000001
5 0.0
-4 0.0
5 0.0
1 0.004687500000000001
1 0.0
-31 0.0234375
-31 0.0
1 0.018750000000000003
1 0.0
5 0.07500000000000001
5 0.0
1 0.07500000000000001
1 0.0
5 0.07500000000000001
5 0.0
1 0.07500000000000001
1 0.0
5 0.07500000000000001
5 0.0
-4 0.037500000000000006
1 0.0
-4 0.0
1 0.0
5 0.003125
5 0.0
-28 0.015625
-28 0.0
1 0.31875000000000003
-7 0.0
11 0.0
1 0.0
-7 0.0
-23 0.14375000000000002
-23 0.0
-7 0.00625
1 0.0
-7 0.0
1 0.0
-1 0.1234375
-1 0.0
-4 0.0015625
-4 0.0
5 0.0015625
5 0.0
-23 0.0078125
-23 0.0
5 0.015625
-4 0.0
10 0.0
5 0.0
-4 0.0
5 0.11406250000000001
5 0.0
-4 0.004687500000000001
-1 0.0
-4 0.0
-1 0.0
-23 0.0125
-23 0.0
5 0.018750000000000003
-4 0.0
10 0.0
5 0.0
-4 0.0
5 0.010937500000000001
5 0.0
-26 0.11093750000000001
-26 0.0
5 0.028125
-1 0.0
8 0.0
5 0.0
-1 0.0
3 0.14375000000000002
3 0.0
-28 0.109375
-28 0.0
-4 0.0234375
-1 0.0
-4 0.0
-1 0.0
5 0.003125
5 0.0
5 0.0203125
-1 0.0
5 0.0
5 0.0
-1 0.0
1 0.1203125
1 0.0
-30 0.1453125
-30 0.0
-2 0.004687500000000001
-2 0.0
6 0.029687500000000002
-2 0.0
10 0.0
6 0.0
-2 0.0
-2 0.15000000000000002
6 0.0
-2 0.0
6 0.0
-2 0.11875000000000001
1 0.0
6 0.0
-2 0.0
1 0.0
6 0.0
1 0.00625
1 0.0
-2 0.025
-11 0.0
-2 0.0
-11 0.0
-26 0.12187500000000001
-26 0.0
-2 0.0078125
-2 0.0
1 0.003125
6 0.0
1 0.0
6 0.0
-2 0.0171875
-11 0.0
-2 0.0
-11 0.0
1 0.1390625
1 0.0
-6 0.010937500000000001
-2 0.0
-6 0.0
-2 0.0
-2 0.2625
-2 0.0
-23 0.0078125
-23 0.0
-2 0.018750000000000003
1 0.0
6 0.0
-2 0.0
1 0.0
6 0.0
1 0.010937500000000001
-2 0.0
1 0.0
-2 0.0
3 0.13125
3 0.0
8 0.16875
0 0.0
12 0.0
8 0.0
0 0.0
0 0.15000000000000002
8 0.0
0 0.0
8 0.0
0 0.1203125
0 0.0
-40 0.0015625
3 0.0
3 0.0
-40 0.0
8 0.003125
8 0.0
0 0.025
-9 0.0
8 0.0
0 0.0
-9 0.0
-40 0.11093750000000001
-40 0.0
0 0.00625
8 0.0
0 0.0
8 0.0
3 0.0078125
3 0.0
3 0.003125
3 0.0
0 0.021875000000000002
-9 0.0
8 0.0
0 0.0
-9 0.0
-36 0.11093750000000001
-36 0.0
-4 0.0390625
0 0.0
12 0.0
-4 0.0
0 0.0
1 0.1421875
1 0.0
-33 0.1234375
-33 0.0
0 0.004687500000000001
3 0.0
8 0.0
0 0.0
3 0.0
8 0.0
3 0.029687500000000002
0 0.0
15 0.0
3 0.0
0 0.0
3 0.1046875
3 0.0
-38 0.1609375
-38 0.0
3 0.004687500000000001
3 0.0
10 0.029687500000000002
1 0.0
13 0.0
10 0.0
1 0.0
5 0.004687500000000001
5 0.0
1 0.1453125
10 0.0
1 0.0
10 0.0
1 0.10625000000000001
10 0.0
1 0.0
10 0.0
5 0.004687500000000001
5 0.0
5 0.0171875
5 0.0
1 0.021875000000000002
-7 0.0
1 0.0
-7 0.0
1 0.10625000000000001
1 0.0
10 0.003125
10 0.0
5 0.009375000000000001
5 0.0
-35 0.0140625
-35 0.0
1 0.0171875
-7 0.0
1 0.0
-7 0.0
3 0.00625
3 0.0
-2 0.14375000000000002
1 0.0
-2 0.0
1 0.0
3 0.1234375
3 0.0
1 0.115625
1 0.0
5 0.0015625
10 0.0
5 0.0
10 0.0
1 0.029687500000000002
1 0.0
-31 0.003125
-31 0.0
5 0.026562500000000003
1 0.0
5 0.0
1 0.0
3 0.30000000000000004
7 0.0
10 0.0
3 0.0
7 0.0
-33 0.134375
-33 0.0
3 0.015625
7 0.0
3 0.0
7 0.0
7 0.1125
-2 0.0
3 0.0
7 0.0
-2 0.0
3 0.0
-33 0.010937500000000001
-33 0.0
-5 0.026562500000000003
3 0.0
15 0.0
-5 0.0
3 0.0
-33 0.10625000000000001
-33 0.0
7 0.0078125
7 0.0
3 0.0015625
3 0.0
-2 0.0015625
-2 0.0
5 0.0078125
5 0.0
-5 0.025
3 0.0
15 0.0
-5 0.0
3 0.0
-30 0.084375
-30 0.0
-5 0.065625
-2 0.0
19 0.0
-5 0.0
-2 0.0
-29 0.009375000000000001
-29 0.0
3 0.11093750000000001
3 0.0
-26 0.1390625
-26 0.0
3 0.004687500000000001
7 0.0
3 0.0
7 0.0
-2 0.003125
-2 0.0
-5 0.0328125
-2 0.0
22 0.0
-5 0.0
-2 0.0
1 0.0859375
1 0.0
-2 0.1703125
-2 0.0
-30 0.0328125
-30 0.0
-6 0.010937500000000001
-2 0.0
10 0.0
-6 0.0
-2 0.0
-6 0.15000000000000002
-2 0.0
-6 0.0
-2 0.0
-4 0.09843750000000001
-4 0.0
6 0.015625
6 0.0
-2 0.003125
1 0.0
-2 0.0
1 0.0
-6 0.0328125
-2 0.0
-6 0.0
-2 0.0
6 0.1015625
6 0.0
-2 0.003125
-2 0.0
1 0.0015625
1 0.0
5 0.015625
5 0.0
-26 0.028125
-2 0.0
1 0.0
-2 0.0
1 0.0
-26 0.0
-2 0.15000000000000002
1 0.0
-2 0.0
1 0.0
3 0.1125
3 0.0
-2 0.037500000000000006
1 0.0
-2 0.0
1 0.0
-2 0.1125
6 0.0
-2 0.0
6 0.0
1 0.0015625
1 0.0
-23 0.0234375
-23 0.0
1 0.0125
6 0.0
1 0.0
6 0.0
1 0.08125
1 0.0
1 0.06875
6 0.0
1 0.0
6 0.0
-2 0.10625000000000001
-2 0.0
-28 0.037500000000000006
-28 0.0
-4 0.00625
0 0.0
12 0.0
-4 0.0
0 0.0
-40 0.146875
-40 0.0
-4 0.003125
0 0.0
-4 0.0
0 0.0
3 0.09375
0 0.0
3 0.0
0 0.0
8 0.003125
8 0.0
-4 0.0171875
-4 0.0
-40 0.0203125
-40 0.0
-4 0.015625
0 0.0
-4 0.0
0 0.0
0 0.09375
8 0.0
0 0.0
8 0.0
3 0.003125
3 0.0
-40 0.040625
-40 0.0
5 0.004687500000000001
5 0.0
0 0.0078125
3 0.0
0 0.0
3 0.0
-36 0.12812500000000002
-36 0.0
0 0.021875000000000002
3 0.0
0 0.0
3 0.0
3 0.11875000000000001
3 0.0
0 0.03125
3 0.0
0 0.0
3 0.0
-33 0.12812500000000002
-33 0.0
0 0.003125
0 0.0
3 0.0015625
8 0.0
3 0.0
8 0.0
3 0.0171875
8 0.0
3 0.0
8 0.0
1 0.0921875
1 0.0
3 0.0578125
8 0.0
3 0.0
8 0.0
1 0.12187500000000001
1 0.0
-35 0.0015625
-35 0.0
-7 0.026562500000000003
-7 0.0
-7 0.0
-4 0.15000000000000002
-4 0.0
-4 0.0
1 0.15000000000000002
1 0.0
1 0.0
5 0.15000000000000002
1 0.0
5 0.0
1 0.0
5 0.30000000000000004
1 0.0
5 0.0
1 0.0
1 0.30000000000000004
-7 0.0
1 0.0
-7 0.0
3 0.15000000000000002
-6 0.0
3 0.0
-6 0.0
6 0.30000000000000004
-2 0.0
6 0.0
-2 0.0
5 0.30000000000000004
-4 0.0
5 0.0
-4 0.0
-35 0.27968750000000003
-35 0.0
1 0.0203125
-7 0.0
1 0.0
-7 0.0
-11 0.30000000000000004
-11 0.0
-11 0.0
-7 0.15000000000000002
-7 0.0
-7 0.0
-4 0.15000000000000002
-4 0.0
-4 0.0
1 0.15000000000000002
-7 0.0
1 0.0
-7 0.0
1 0.30000000000000004
-7 0.0
1 0.0
-7 0.0
-9 0.30000000000000004
-9 0.0
-9 0.0
0 0.15000000000000002
-4 0.0
0 0.0
-4 0.0
-40 0.2734375
-40 0.0
3 0.026562500000000003
-6 0.0
3 0.0
-6 0.0
1 0.30000000000000004
1 0.0
1 0.0
-7 0.07500000000000001
-7 0.0
-7 0.0
1 0.07500000000000001
1 0.0
1 0.0
-7 0.07500000000000001
-7 0.0
-7 0.0
-35 0.0625
-35 0.0
1 0.0125
1 0.0
1 0.0
-7 0.07500000000000001
-7 0.0
-7 0.0
1 0.07500000000000001
1 0.0
1 0.0
-35 0.1171875
-35 0.0
8 0.0328125
5 0.0
1 0.0
-7 0.0
-11 0.0
8 0.0
5 0.0
1 0.0
-7 0.0
-11 0.0
-7 0.28750000000000003
1 0.0
-7 0.0
1 0.0
-31 0.14375000000000002
-31 0.0
-7 0.018750000000000003
1 0.0
-4 0.0
-7 0.0
-7 0.0
1 0.0
-4 0.0
-7 0.0
-28 0.13593750000000002
-28 0.0
-7 0.15937500000000002
1 0.0
-7 0.0
1 0.0
-9 0.004687500000000001
-12 0.0
-9 0.0
-12 0.0
-28 0.11875000000000001
-28 0.0
-7 0.1421875
1 0.0
-7 0.0
1 0.0
-9 0.15937500000000002
0 0.0
-9 0.0
0 0.0
8 0.029687500000000002
3 0.0
0 0.0
-9 0.0
-12 0.0
8 0.0
3 0.0
0 0.0
-9 0.0
-12 0.0
-40 0.25625000000000003
-40 0.0
-6 0.018750000000000003
3 0.0
-6 0.0
3 0.0
-9 0.025
-12 0.0
-9 0.0
-12 0.0
-7 0.26406250000000003
1 0.0
-7 0.0
1 0.0
1 0.035937500000000004
5 0.0
8 0.0
-7 0.0
-11 0.0
1 0.0
5 0.0
8 0.0
-7 0.0
-11 0.0
-35 0.25625000000000003
-35 0.0
-4 0.021875000000000002
-11 0.0
-4 0.0
-11 0.0
-7 0.021875000000000002
-11 0.0
-7 0.0
-11 0.0
-35 0.2625
-35 0.0
5 0.037500000000000006
-4 0.0
1 0.0
-7 0.0
-11 0.0
5 0.0
-4 0.0
1 0.0
-7 0.0
-11 0.0
-4 0.15000000000000002
-7 0.0
-4 0.0
-7 0.0
-4 0.13125
-4 0.0
1 0.018750000000000003
-4 0.0
1 0.0
-4 0.0
-31 0.140625
-31 0.0
-4 0.009375000000000001
5 0.0
1 0.0
-4 0.0
5 0.0
1 0.0
-4 0.28750000000000003
-4 0.0
5 0.0125
1 0.0
5 0.0
1 0.0
-28 0.115625
-28 0.0
-4 0.146875
-4 0.0
5 0.037500000000000006
1 0.0
5 0.0
1 0.0
-9 0.12187500000000001
-9 0.0
0 0.028125
3 0.0
-4 0.0
3 0.0
0 0.0
0 0.0
3 0.0
-4 0.0
-28 0.2625
-4 0.0
-4 0.0
-28 0.0
-4 0.037500000000000006
-9 0.0
-4 0.0
-9 0.0
-7 0.22968750000000002
-7 0.0
-4 0.0703125
5 0.0
1 0.0
-7 0.0
-11 0.0
-4 0.0
5 0.0
1 0.0
-7 0.0
-11 0.0
-23 0.26875
-23 0.0
-35 0.3125
-35 0.0
5 0.018750000000000003
8 0.0
1 0.0
-7 0.0
-11 0.0
5 0.0
8 0.0
1 0.0
-7 0.0
-11 0.0
-7 0.30625
1 0.0
-7 0.0
1 0.0
-31 0.12812500000000002
-31 0.0
-4 0.015625
-7 0.0
-4 0.0
-7 0.0
-7 0.010937500000000001
1 0.0
-7 0.0
1 0.0
-9 0.2890625
-12 0.0
-9 0.0
-12 0.0
-7 0.010937500000000001
1 0.0
-7 0.0
1 0.0
-28 0.08750000000000001
-28 0.0
-7 0.18906250000000002
1 0.0
-7 0.0
1 0.0
-40 0.1203125
-40 0.0
-9 0.0421875
0 0.0
8 0.0
3 0.0
0 0.0
-9 0.0
-12 0.0
-9 0.0
0 0.0
8 0.0
3 0.0
0 0.0
-9 0.0
-12 0.0
-40 0.259375
-40 0.0
-6 0.0328125
3 0.0
-6 0.0
3 0.0
-9 0.0078125
-12 0.0
-9 0.0
-12 0.0
-35 0.2671875
-35 0.0
-7 0.0234375
1 0.0
-7 0.0
1 0.0
8 0.009375000000000001
1 0.0
5 0.0
-7 0.0
-11 0.0
8 0.0
1 0.0
5 0.0
-7 0.0
-11 0.0
-35 0.26875
-35 0.0
-7 0.03125
-11 0.0
-7 0.0
-11 0.0
-11 0.004687500000000001
-4 0.0
-11 0.0
-4 0.0
-35 0.2765625
-35 0.0
1 0.018750000000000003
-4 0.0
5 0.0
-7 0.0
-11 0.0
1 0.0
-4 0.0
5 0.0
-7 0.0
-11 0.0
-4 0.15000000000000002
-7 0.0
-4 0.0
-7 0.0
-4 0.1421875
-4 0.0
1 0.0078125
-4 0.0
1 0.0
-4 0.0
-31 0.1484375
-31 0.0
5 0.0015625
1 0.0
5 0.0
1 0.0
-4 0.03125
-4 0.0
5 0.26875
1 0.0
5 0.0
1 0.0
-4 0.00625
-4 0.0
-28 0.109375
-28 0.0
-4 0.153125
-4 0.0
5 0.03125
1 0.0
5 0.0
1 0.0
-9 0.1125
-9 0.0
0 0.037500000000000006
3 0.0
-4 0.0
3 0.0
0 0.0
0 0.0
3 0.0
-4 0.0
-9 0.2609375
-9 0.0
-28 0.00625
-28 0.0
3 0.0328125
0 0.0
3 0.0
0 0.0
-7 0.25625000000000003
-7 0.0
-4 0.043750000000000004
5 0.0
1 0.0
1 0.0
-7 0.0
-4 0.0
5 0.0
1 0.0
-7 0.0
-23 0.28750000000000003
-23 0.0
-30 0.290625
-30 0.0
1 0.021875000000000002
-2 0.0
6 0.0
-6 0.0
-2 0.0
1 0.0
-2 0.0
6 0.0
-6 0.0
-2 0.15000000000000002
1 0.0
-2 0.0
1 0.0
-2 0.11875000000000001
-2 0.0
1 0.03125
6 0.0
1 0.0
6 0.0
1 0.1375
1 0.0
-26 0.010937500000000001
-26 0.0
6 0.0015625
10 0.0
6 0.0
10 0.0
1 0.2859375
1 0.0
6 0.0140625
10 0.0
6 0.0
10 0.0
-23 0.10312500000000001
-23 0.0
-2 0.171875
-2 0.0
1 0.025
-2 0.0
1 0.0
-2 0.0
-4 0.1203125
-4 0.0
5 0.029687500000000002
-4 0.0
1 0.0
5 0.0
1 0.0
12 0.0
5 0.0
-4 0.0
1 0.0
13 0.07500000000000001
1 0.178125
1 0.0
-23 0.021875000000000002
-23 0.0
5 0.025
1 0.0
5 0.0
1 0.0
-4 0.2625
-4 0.0
8 0.037500000000000006
5 0.0
17 0.0
8 0.0
5 0.0
1 0.265625
1 0.0
-28 0.0015625
-28 0.0
5 0.0328125
1 0.0
13 0.0
5 0.0
1 0.0
-40 0.2625
-40 0.0
-4 0.037500000000000006
3 0.0
0 0.0
-4 0.0
0 0.0
-4 0.0
3 0.0
0 0.0
0 0.15000000000000002
3 0.0
0 0.0
3 0.0
-6 0.11875000000000001
3 0.0
-6 0.0
3 0.0
3 0.03125
8 0.0
3 0.0
8 0.0
-36 0.1296875
-36 0.0
8 0.0203125
12 0.0
8 0.0
12 0.0
-6 0.0015625
3 0.0
-6 0.0
3 0.0
-6 0.278125
3 0.0
-6 0.0
3 0.0
8 0.0203125
12 0.0
8 0.0
12 0.0
-33 0.1234375
-33 0.0
-7 0.11875000000000001
1 0.0
-7 0.0
1 0.0
10 0.0578125
6 0.0
10 0.0
6 0.0
-6 0.08750000000000001
3 0.0
-6 0.0
3 0.0
-4 0.046875
5 0.0
-4 0.0
5 0.0
1 0.015625
5 0.0
-4 0.0
8 0.0
5 0.0
1 0.0
5 0.0
-4 0.0
8 0.0
-6 0.259375
3 0.0
-6 0.0
3 0.0
-23 0.028125
-23 0.0
6 0.0125
3 0.0
6 0.0
3 0.0
-7 0.26875
1 0.0
-7 0.0
1 0.0
5 0.03125
1 0.0
5 0.0
1 0.0
-28 0.265625
-28 0.0
-30 0.309375
-30 0.0
1 0.025
-6 0.0
-2 0.0
-6 0.0
-2 0.0
1 0.0
-6 0.0
-2 0.0
-2 0.15000000000000002
1 0.0
-2 0.0
1 0.0
-2 0.134375
-2 0.0
1 0.015625
6 0.0
1 0.0
6 0.0
-26 0.13125
1 0.0
1 0.0
-26 0.0
6 0.018750000000000003
10 0.0
6 0.0
10 0.0
1 0.2765625
1 0.0
6 0.0234375
10 0.0
6 0.0
10 0.0
-23 0.09843750000000001
-23 0.0
-2 0.16562500000000002
-2 0.0
1 0.035937500000000004
-2 0.0
1 0.0
-2 0.0
-4 0.1171875
-4 0.0
-7 0.0328125
-4 0.0
1 0.0
5 0.0
1 0.0
-7 0.0
-4 0.0
1 0.0
5 0.0
1 0.2765625
1 0.0
-23 0.003125
-23 0.0
5 0.0203125
1 0.0
5 0.0
1 0.0
-4 0.2765625
-4 0.0
8 0.0234375
5 0.0
8 0.0
5 0.0
-28 0.259375
-28 0.0
1 0.0234375
1 0.0
5 0.0171875
1 0.0
5 0.0
1 0.0
-40 0.2546875
-40 0.0
0 0.045312500000000006
-9 0.0
-4 0.0
0 0.0
-9 0.0
-4 0.0
-33 0.24531250000000002
-33 0.0
27 0.0546875
-36 0.11875000000000001
-36 0.0
-33 0.035937500000000004
-33 0.0
-33 0.2703125
-33 0.0
27 0.025
-33 0.0859375
-33 0.0
-35 0.1703125
-35 0.0
25 0.043750000000000004
-31 0.125
-31 0.0
1 0.025
-7 0.0
-4 0.0
27 0.0
1 0.0
-7 0.0
-4 0.0
29 0.07500000000000001
-35 0.1875
-35 0.0
-33 0.010937500000000001
-33 0.0
27 0.026562500000000003
-35 0.27187500000000003
-35 0.0
25 0.028125
-31 0.275
-31 0.0
5 0.0140625
5 0.0
29 0.010937500000000001
-35 0.27187500000000003
-35 0.0
25 0.028125
1 0.00625
1 0.0
5 0.5750000000000001
5 0.0
-35 0.0125
-35 0.0
-35 0.1546875
-35 0.0
3 0.009375000000000001
3 0.0
1 0.26875
1 0.0
-35 0.03125
-35 0.0
-30 0.1375
-30 0.0
6 0.004687500000000001
10 0.0
6 0.0
-2 0.0015625
-2 0.0
-2 0.0734375
-2 0.0
6 0.07500000000000001
6 0.0
-2 0.07500000000000001
-2 0.0
6 0.07500000000000001
6 0.0
-2 0.07500000000000001
-2 0.0
-26 0.059375000000000004
-26 0.0
6 0.015625
-2 0.0
6 0.0
6 0.0
-2 0.07500000000000001
-2 0.0
6 0.07500000000000001
6 0.0
-2 0.07500000000000001
-2 0.0
6 0.07500000000000001
6 0.0
-2 0.07500000000000001
-2 0.0
-23 0.035937500000000004
-23 0.0
6 0.0390625
6 0.0
-2 0.07500000000000001
-2 0.0
6 0.07500000000000001
6 0.0
-2 0.07500000000000001
-2 0.0
5 0.07500000000000001
8 0.0
5 0.0
-4 0.07500000000000001
-4 0.0
5 0.07500000000000001
5 0.0
-4 0.07500000000000001
-4 0.0
-35 0.037500000000000006
-35 0.0
5 0.037500000000000006
5 0.0
-4 0.07500000000000001
-4 0.0
-35 0.025
-35 0.0
5 0.045312500000000006
5 0.0
5 0.004687500000000001
5 0.0
-4 0.07500000000000001
-4 0.0
-32 0.043750000000000004
-32 0.0
5 0.03125
-8 0.0
5 0.0
-31 0.009375000000000001
-31 0.0
-4 0.065625
-7 0.0
-4 0.0
3 0.059375000000000004
3 0.0
5 0.015625
5 0.0
-4 0.07500000000000001
-4 0.0
-28 0.053125000000000006
-28 0.0
5 0.021875000000000002
-4 0.0
5 0.0
-4 0.07500000000000001
-4 0.0
1 0.037500000000000006
1 0.0
5 0.037500000000000006
5 0.0
-4 0.07500000000000001
-4 0.0
-40 0.053125000000000006
-40 0.0
3 0.003125
3 0.0
3 0.018750000000000003
12 0.0
3 0.0
-6 0.07500000000000001
-6 0.0
3 0.07500000000000001
3 0.0
-6 0.07500000000000001
-6 0.0
3 0.07500000000000001
3 0.0
-6 0.07500000000000001
-6 0.0
3 0.07500000000000001
3 0.0
8 0.0
3 0.0
-36 0.003125
-36 0.0
-6 0.07187500000000001
-6 0.0
3 0.07500000000000001
3 0.0
8 0.0
3 0.0
-6 0.07500000000000001
-6 0.0
3 0.07500000000000001
3 0.0
-6 0.07500000000000001
-6 0.0
-33 0.0390625
-33 0.0
3 0.035937500000000004
3 0.0
-6 0.07500000000000001
-6 0.0
3 0.07500000000000001
3 0.0
-6 0.07500000000000001
-6 0.0
-23 0.05625
-23 0.0
1 0.018750000000000003
13 0.0
1 0.0
-7 0.07500000000000001
-7 0.0
1 0.07500000000000001
1 0.0
1 0.0
-7 0.07500000000000001
-7 0.0
-23 0.06875
-23 0.0
1 0.00625
1 0.0
1 0.0
-7 0.07500000000000001
-7 0.0
-23 0.043750000000000004
-23 0.0
5 0.026562500000000003
5 0.0
1 0.004687500000000001
1 0.0
1 0.0
-7 0.07500000000000001
-7 0.0
-26 0.053125000000000006
-26 0.0
1 0.021875000000000002
11 0.0
1 0.0
1 0.0
-7 0.07500000000000001
-7 0.0
3 0.0625
3 0.0
1 0.0125
1 0.0
-7 0.07500000000000001
-7 0.0
-28 0.037500000000000006
-28 0.0
1 0.037500000000000006
1 0.0
-7 0.07500000000000001
-7 0.0
1 0.046875
1 0.0
1 0.028125
1 0.0
-7 0.07500000000000001
-7 0.0
-30 0.046875
-30 0.0
-2 0.009375000000000001
-2 0.0
-6 0.018750000000000003
10 0.0
-6 0.0
-2 0.07500000000000001
-2 0.0
-6 0.07500000000000001
-6 0.0
-2 0.07500000000000001
-2 0.0
-6 0.037500000000000006
-6 0.0
-6 0.037500000000000006
6 0.0
-2 0.0
-6 0.0
-2 0.07500000000000001
-2 0.0
5 0.0578125
5 0.0
-26 0.0015625
-26 0.0
-6 0.015625
6 0.0
-2 0.0
-6 0.0
-2 0.07500000000000001
-2 0.0
-6 0.07500000000000001
-6 0.0
-2 0.07500000000000001
-2 0.0
3 0.05625
3 0.0
-6 0.018750000000000003
-6 0.0
-2 0.07500000000000001
-2 0.0
-23 0.05
-23 0.0
-6 0.025
6 0.0
-2 0.0
-6 0.0
-2 0.07500000000000001
-2 0.0
1 0.018750000000000003
1 0.0
-6 0.05625
-6 0.0
-2 0.07500000000000001
-2 0.0
-2 0.0390625
-2 0.0
-4 0.035937500000000004
12 0.0
-4 0.0
0 0.07500000000000001
0 0.0
-4 0.07500000000000001
6 0.0
0 0.0
-4 0.0
-40 0.003125
-40 0.0
0 0.07187500000000001
0 0.0
-4 0.034375
-4 0.0
-40 0.028125
-40 0.0
-4 0.0125
6 0.0
0 0.0
-4 0.0
0 0.07500000000000001
0 0.0
-40 0.05625
-40 0.0
-4 0.018750000000000003
6 0.0
0 0.0
-4 0.0
5 0.0015625
5 0.0
0 0.0734375
0 0.0
-36 0.043750000000000004
-36 0.0
-4 0.03125
6 0.0
0 0.0
-4 0.0
0 0.07500000000000001
0 0.0
3 0.0578125
3 0.0
-4 0.0171875
-4 0.0
0 0.07500000000000001
0 0.0
-33 0.05
-33 0.0
-4 0.025
-4 0.0
0 0.07500000000000001
0 0.0
1 0.026562500000000003
1 0.0
-4 0.0484375
-4 0.0
0 0.07500000000000001
0 0.0
5 0.037500000000000006
5 0.0
-35 0.018750000000000003
-35 0.0
1 0.018750000000000003
13 0.0
1 0.0
-7 0.07500000000000001
-7 0.0
1 0.07500000000000001
1 0.0
-7 0.07500000000000001
-7 0.0
1 0.07500000000000001
1 0.0
13 0.0
1 0.0
-7 0.07500000000000001
-7 0.0
-31 0.065625
-31 0.0
1 0.009375000000000001
1 0.0
13 0.0
1 0.0
-7 0.07500000000000001
-7 0.0
1 0.07500000000000001
1 0.0
13 0.0
1 0.0
-7 0.07500000000000001
-7 0.0
1 0.07500000000000001
1 0.0
-7 0.07500000000000001
-7 0.0
-28 0.053125000000000006
-28 0.0
1 0.021875000000000002
1 0.0
-7 0.07500000000000001
-7 0.0
1 0.07500000000000001
1 0.0
-7 0.07500000000000001
-7 0.0
-1 0.07500000000000001
-1 0.0
-7 0.07500000000000001
-7 0.0
-23 0.07187500000000001
-23 0.0
-1 0.003125
-1 0.0
-7 0.07500000000000001
-7 0.0
-23 0.0578125
-23 0.0
-1 0.0171875
-1 0.0
-7 0.07500000000000001
-7 0.0
-23 0.053125000000000006
-23 0.0
-1 0.021875000000000002
-1 0.0
5 0.025
5 0.0
-7 0.05
-7 0.0
-26 0.046875
-26 0.0
-1 0.028125
-4 0.0
-1 0.0
-7 0.07500000000000001
-7 0.0
-1 0.07500000000000001
-1 0.0
3 0.015625
3 0.0
-7 0.059375000000000004
-7 0.0
-28 0.046875
-28 0.0
-1 0.028125
-7 0.0
-1 0.0
-7 0.07500000000000001
-7 0.0
1 0.0484375
1 0.0
-1 0.026562500000000003
-1 0.0
-7 0.07500000000000001
-7 0.0
-30 0.05
-30 0.0
-2 0.018750000000000003
-2 0.0
-2 0.00625
-2 0.0
-6 0.07500000000000001
-6 0.0
-2 0.07500000000000001
-2 0.0
-6 0.07500000000000001
-6 0.0
1 0.051562500000000004
1 0.0
-2 0.0234375
-2 0.0
1 0.0
-2 0.0
-6 0.07500000000000001
-6 0.0
-26 0.051562500000000004
-26 0.0
-2 0.0234375
1 0.0
6 0.0
-2 0.0
-6 0.07500000000000001
-6 0.0
1 0.0625
1 0.0
-2 0.0125
-2 0.0
-6 0.07500000000000001
-6 0.0
-2 0.07500000000000001
-2 0.0
-6 0.07500000000000001
-6 0.0
-23 0.037500000000000006
-23 0.0
-2 0.03125
-2 0.0
-2 0.00625
-2 0.0
-6 0.07500000000000001
-6 0.0
3 0.07187500000000001
3 0.0
-2 0.003125
-2 0.0
-6 0.07500000000000001
-6 0.0
0 0.07500000000000001
0 0.0
-4 0.07500000000000001
-4 0.0
-40 0.059375000000000004
-40 0.0
0 0.015625
0 0.0
-4 0.07500000000000001
-4 0.0
-40 0.046875
-40 0.0
0 0.028125
-4 0.0
0 0.0
-4 0.07500000000000001
-4 0.0
-40 0.043750000000000004
-40 0.0
0 0.03125
0 0.0
3 0.0078125
3 0.0
-4 0.0671875
-4 0.0
-36 0.037500000000000006
-36 0.0
0 0.037500000000000006
0 0.0
0 0.0
-4 0.07500000000000001
-4 0.0
0 0.07500000000000001
0 0.0
1 0.0140625
1 0.0
-4 0.060937500000000006
-4 0.0
-33 0.040625
-33 0.0
0 0.034375
3 0.0
0 0.0
-4 0.07500000000000001
-4 0.0
3 0.053125000000000006
3 0.0
0 0.021875000000000002
0 0.0
-4 0.07500000000000001
-4 0.0
3 0.015625
3 0.0
-38 0.035937500000000004
-38 0.0
5 0.018750000000000003
5 0.0
1 0.004687500000000001
1 0.0
-2 0.07500000000000001
-2 0.0
1 0.07500000000000001
1 0.0
-2 0.07500000000000001
-2 0.0
5 0.059375000000000004
5 0.0
1 0.015625
1 0.0
-2 0.07500000000000001
-2 0.0
-35 0.065625
-35 0.0
1 0.009375000000000001
1 0.0
5 0.0
10 0.0
1 0.0
3 0.0125
3 0.0
-2 0.0625
-2 0.0
1 0.07500000000000001
1 0.0
-2 0.07500000000000001
-2 0.0
1 0.07500000000000001
1 0.0
3 0.003125
3 0.0
-2 0.07187500000000001
-2 0.0
-31 0.029687500000000002
-31 0.0
1 0.045312500000000006
1 0.0
1 0.0
1 0.0
-2 0.07500000000000001
-2 0.0
1 0.07500000000000001
1 0.0
-2 0.07500000000000001
-2 0.0
3 0.07500000000000001
3 0.0
-5 0.07500000000000001
-5 0.0
-33 0.05625
-33 0.0
3 0.018750000000000003
3 0.0
7 0.0
10 0.0
3 0.0
-5 0.07500000000000001
-5 0.0
-33 0.053125000000000006
-33 0.0
3 0.021875000000000002
3 0.0
7 0.0
10 0.0
3 0.0
-5 0.07500000000000001
-5 0.0
-33 0.034375
-33 0.0
5 0.0171875
5 0.0
3 0.0234375
3 0.0
7 0.0
10 0.0
3 0.0
-5 0.07500000000000001
-5 0.0
-30 0.015625
-30 0.0
1 0.059375000000000004
1 0.0
-29 0.010937500000000001
-29 0.0
-5 0.06406250000000001
-5 0.0
3 0.0578125
3 0.0
1 0.0171875
1 0.0
-5 0.07500000000000001
-5 0.0
-26 0.03125
-26 0.0
1 0.043750000000000004
3 0.0
7 0.0
10 0.0
1 0.0
-5 0.07500000000000001
-5 0.0
1 0.051562500000000004
1 0.0
1 0.0234375
1 0.0
-5 0.07500000000000001
-5 0.0
-30 0.05
-30 0.0
-2 0.0140625
-2 0.0
1 0.010937500000000001
1 0.0
-6 0.07500000000000001
-6 0.0
1 0.07500000000000001
1 0.0
-6 0.07500000000000001
-6 0.0
1 0.07500000000000001
1 0.0
-6 0.009375000000000001
-6 0.0
-6 0.065625
-6 0.0
-26 0.060937500000000006
-26 0.0
1 0.0140625
6 0.0
-2 0.0
1 0.0
5 0.0203125
5 0.0
-6 0.0546875
-6 0.0
-2 0.07500000000000001
-2 0.0
-6 0.07500000000000001
-6 0.0
-2 0.07500000000000001
-2 0.0
3 0.015625
3 0.0
-6 0.059375000000000004
-6 0.0
-23 0.034375
-23 0.0
-2 0.040625
-2 0.0
-6 0.07500000000000001
-6 0.0
1 0.028125
1 0.0
-2 0.046875
-2 0.0
-6 0.07500000000000001
-6 0.0
-2 0.06406250000000001
-2 0.0
0 0.010937500000000001
0 0.0
-4 0.07500000000000001
-4 0.0
-40 0.0625
-40 0.0
0 0.0125
0 0.0
-4 0.07500000000000001
-4 0.0
-40 0.0484375
-40 0.0
-4 0.0125
-4 0.0
0 0.0140625
0 0.0
-4 0.07500000000000001
-4 0.0
-40 0.043750000000000004
-40 0.0
0 0.03125
0 0.0
8 0.0
0 0.0
5 0.0171875
5 0.0
-4 0.0578125
-4 0.0
-36 0.037500000000000006
-36 0.0
3 0.037500000000000006
3 0.0
0 0.07500000000000001
0 0.0
3 0.07500000000000001
3 0.0
3 0.0
3 0.0
0 0.07500000000000001
0 0.0
-33 0.0328125
-33 0.0
3 0.0421875
3 0.0
0 0.07500000000000001
0 0.0
1 0.045312500000000006
1 0.0
3 0.029687500000000002
3 0.0
0 0.07500000000000001
0 0.0
-30 0.0171875
-30 0.0
1 0.045312500000000006
1 0.0
6 0.0125
6 0.0
-2 0.07500000000000001
-2 0.0
6 0.07500000000000001
6 0.0
-2 0.07500000000000001
-2 0.0
6 0.07500000000000001
6 0.0
-2 0.0
-2 0.0
-6 0.0
6 0.0
-2 0.07500000000000001
-2 0.0
-26 0.065625
-26 0.0
6 0.009375000000000001
6 0.0
-2 0.0
-2 0.0
-6 0.0
6 0.0
-2 0.07500000000000001
-2 0.0
6 0.07500000000000001
6 0.0
-2 0.07500000000000001
-2 0.0
6 0.07500000000000001
-2 0.0
-6 0.0
6 0.0
-2 0.07500000000000001
-2 0.0
-23 0.07187500000000001
-23 0.0
6 0.003125
-4 0.0
-7 0.0
6 0.0
-2 0.07500000000000001
-2 0.0
6 0.07500000000000001
6 0.0
-2 0.07500000000000001
-2 0.0
5 0.07500000000000001
5 0.0
-4 0.07500000000000001
-4 0.0
5 0.07500000000000001
5 0.0
-4 0.07500000000000001
-4 0.0
-35 0.059375000000000004
-35 0.0
5 0.015625
5 0.0
-4 0.0
5 0.0
-4 0.07500000000000001
-4 0.0
-35 0.043750000000000004
-35 0.0
5 0.03125
5 0.0
-4 0.0
5 0.0
5 0.003125
5 0.0
-4 0.07187500000000001
-4 0.0
-31 0.059375000000000004
-31 0.0
5 0.015625
5 0.0
-4 0.07500000000000001
-4 0.0
3 0.07500000000000001
5 0.0
3 0.0
5 0.0
-4 0.07500000000000001
-4 0.0
-28 0.060937500000000006
-28 0.0
5 0.0140625
5 0.0
-4 0.07500000000000001
-4 0.0
1 0.03125
1 0.0
5 0.043750000000000004
5 0.0
-4 0.07500000000000001
-4 0.0
3 0.05625
3 0.0
-28 0.018750000000000003
8 0.0
8 0.0
-28 0.0
0 0.07500000000000001
0 0.0
8 0.07500000000000001
8 0.0
0 0.07500000000000001
0 0.0
8 0.07500000000000001
8 0.0
0 0.0
-6 0.0
-9 0.0
8 0.0
0 0.07500000000000001
0 0.0
8 0.07500000000000001
8 0.0
0 0.0
-6 0.0
-9 0.0
8 0.0
-24 0.03125
-24 0.0
0 0.043750000000000004
0 0.0
8 0.07500000000000001
8 0.0
0 0.07500000000000001
0 0.0
8 0.07500000000000001
-6 0.0
-9 0.0
8 0.0
0 0.07500000000000001
0 0.0
-22 0.05
-22 0.0
8 0.025
-7 0.0
-11 0.0
8 0.0
-21 0.0328125
-21 0.0
0 0.0421875
0 0.0
8 0.07500000000000001
8 0.0
0 0.07500000000000001
0 0.0
5 0.07500000000000001
5 0.0
-4 0.07500000000000001
-4 0.0
5 0.07500000000000001
1 0.0
13 0.0
5 0.0
-4 0.07500000000000001
-4 0.0
5 0.07500000000000001
1 0.0
13 0.0
5 0.0
-35 0.040625
-35 0.0
-4 0.034375
-4 0.0
5 0.065625
5 0.0
5 0.009375000000000001
1 0.0
13 0.0
5 0.0
-35 0.0328125
-35 0.0
-4 0.0421875
-4 0.0
5 0.07500000000000001
1 0.0
13 0.0
5 0.0
-31 0.045312500000000006
-31 0.0
-4 0.029687500000000002
-4 0.0
3 0.07187500000000001
3 0.0
5 0.003125
5 0.0
-4 0.07500000000000001
-4 0.0
5 0.07500000000000001
5 0.0
-28 0.0171875
-28 0.0
-4 0.0578125
-4 0.0
1 0.0546875
1 0.0
5 0.0203125
5 0.0
-4 0.07500000000000001
-4 0.0
-30 0.05625
-30 0.0
6 0.018750000000000003
-11 0.0
-14 0.0
6 0.0
-2 0.00625
-2 0.0
-2 0.06875
-2 0.0
6 0.07500000000000001
6 0.0
-2 0.07500000000000001
-2 0.0
6 0.07500000000000001
6 0.0
-6 0.0140625
-6 0.0
-2 0.060937500000000006
-2 0.0
-26 0.059375000000000004
-26 0.0
6 0.015625
6 0.0
5 0.034375
5 0.0
-2 0.040625
-2 0.0
6 0.07500000000000001
6 0.0
-2 0.07500000000000001
-2 0.0
6 0.07500000000000001
6 0.0
3 0.018750000000000003
3 0.0
-2 0.05625
-2 0.0
-23 0.040625
-23 0.0
6 0.034375
6 0.0
-2 0.07500000000000001
-2 0.0
1 0.05
1 0.0
6 0.025
6 0.0
-2 0.07500000000000001
-2 0.0
-2 0.0703125
-2 0.0
8 0.004687500000000001
-9 0.0
-12 0.0
8 0.0
0 0.07500000000000001
0 0.0
8 0.07500000000000001
8 0.0
0 0.07500000000000001
0 0.0
-4 0.05625
-4 0.0
-40 0.003125
-40 0.0
8 0.015625
8 0.0
0 0.07500000000000001
0 0.0
-40 0.046875
-40 0.0
8 0.028125
8 0.0
5 0.025
5 0.0
0 0.05
0 0.0
-36 0.046875
-36 0.0
8 0.028125
8 0.0
0 0.07500000000000001
0 0.0
8 0.07500000000000001
8 0.0
3 0.015625
3 0.0
0 0.059375000000000004
0 0.0
-33 0.046875
-33 0.0
8 0.028125
8 0.0
0 0.07500000000000001
0 0.0
1 0.045312500000000006
1 0.0
8 0.029687500000000002
8 0.0
0 0.07500000000000001
0 0.0
-35 0.037500000000000006
-35 0.0
5 0.0234375
5 0.0
5 0.0140625
5 0.0
-4 0.07500000000000001
-4 0.0
5 0.07500000000000001
5 0.0
-4 0.07500000000000001
-4 0.0
5 0.07500000000000001
-7 0.0
-11 0.0
5 0.0
-4 0.07500000000000001
-4 0.0
-31 0.045312500000000006
-31 0.0
5 0.029687500000000002
-7 0.0
-11 0.0
5 0.0
-4 0.07500000000000001
-4 0.0
5 0.07500000000000001
5 0.0
-4 0.07500000000000001
-4 0.0
5 0.07500000000000001
-6 0.0
-9 0.0
5 0.0
-4 0.07500000000000001
-4 0.0
-28 0.021875000000000002
-28 0.0
5 0.053125000000000006
-4 0.0
-7 0.0
5 0.0
-4 0.07500000000000001
-4 0.0
5 0.07500000000000001
5 0.0
-4 0.07500000000000001
-4 0.0
-1 0.07500000000000001
-4 0.0
-7 0.0
-1 0.0
5 0.07500000000000001
5 0.0
-1 0.07500000000000001
-1 0.0
5 0.07500000000000001
5 0.0
-35 0.037500000000000006
-35 0.0
-1 0.037500000000000006
-4 0.0
-7 0.0
-1 0.0
5 0.07500000000000001
5 0.0
-35 0.028125
-35 0.0
-1 0.046875
-1 0.0
5 0.034375
5 0.0
5 0.040625
5 0.0
-31 0.040625
-31 0.0
-1 0.034375
-4 0.0
-7 0.0
-1 0.0
5 0.07500000000000001
5 0.0
-1 0.07500000000000001
-1 0.0
3 0.025
3 0.0
5 0.05
5 0.0
-28 0.053125000000000006
-28 0.0
-1 0.021875000000000002
-1 0.0
5 0.07500000000000001
5 0.0
1 0.051562500000000004
1 0.0
-1 0.0234375
-1 0.0
5 0.07500000000000001
5 0.0
-30 0.0484375
-30 0.0
-2 0.015625
-2 0.0
6 0.010937500000000001
6 0.0
-2 0.07500000000000001
-2 0.0
6 0.07500000000000001
6 0.0
-2 0.07500000000000001
-2 0.0
1 0.065625
1 0.0
6 0.009375000000000001
-14 0.0
-6 0.0
6 0.0
-2 0.07500000000000001
-2 0.0
-26 0.053125000000000006
-26 0.0
6 0.021875000000000002
-14 0.0
-6 0.0
6 0.0
-2 0.07500000000000001
-2 0.0
1 0.07187500000000001
1 0.0
6 0.003125
6 0.0
-2 0.07500000000000001
-2 0.0
6 0.07500000000000001
-14 0.0
-6 0.0
6 0.0
-2 0.07500000000000001
-2 0.0
-23 0.0328125
-23 0.0
-2 0.028125
-2 0.0
6 0.0140625
-12 0.0
-6 0.0
6 0.0
-2 0.07500000000000001
-2 0.0
3 0.07500000000000001
6 0.0
3 0.0
6 0.0
-2 0.07500000000000001
-2 0.0
8 0.07500000000000001
8 0.0
0 0.07500000000000001
0 0.0
-40 0.040625
-40 0.0
8 0.034375
8 0.0
0 0.07500000000000001
0 0.0
-40 0.0328125
-40 0.0
8 0.0421875
8 0.0
0 0.07500000000000001
0 0.0
-40 0.0328125
-40 0.0
3 0.037500000000000006
3 0.0
8 0.004687500000000001
8 0.0
0 0.07500000000000001
0 0.0
-36 0.029687500000000002
-36 0.0
8 0.045312500000000006
8 0.0
0 0.07500000000000001
0 0.0
8 0.07500000000000001
8 0.0
1 0.0015625
1 0.0
0 0.0734375
0 0.0
-33 0.034375
-33 0.0
8 0.040625
8 0.0
0 0.07500000000000001
0 0.0
3 0.0421875
3 0.0
8 0.0328125
8 0.0
0 0.07500000000000001
0 0.0
-38 0.053125000000000006
-38 0.0
5 0.009375000000000001
5 0.0
10 0.0125
10 0.0
1 0.07500000000000001
1 0.0
10 0.07500000000000001
10 0.0
1 0.07500000000000001
1 0.0
5 0.043750000000000004
5 0.0
10 0.03125
-11 0.0
-7 0.0
10 0.0
1 0.07500000000000001
1 0.0
-35 0.0578125
-35 0.0
3 0.0125
3 0.0
10 0.004687500000000001
-11 0.0
-7 0.0
10 0.0
1 0.07500000000000001
1 0.0
10 0.07500000000000001
10 0.0
1 0.07500000000000001
1 0.0
3 0.07187500000000001
3 0.0
10 0.003125
-11 0.0
-7 0.0
10 0.0
1 0.07500000000000001
1 0.0
-31 0.053125000000000006
-31 0.0
1 0.021875000000000002
10 0.0
-9 0.0
-5 0.0
1 0.0
10 0.0
1 0.07500000000000001
1 0.0
10 0.07500000000000001
10 0.0
1 0.07500000000000001
1 0.0
7 0.07500000000000001
1 0.0
13 0.0
7 0.0
-2 0.07500000000000001
-2 0.0
-33 0.0671875
-33 0.0
7 0.0078125
-2 0.0
10 0.0
7 0.0
-2 0.07500000000000001
-2 0.0
-33 0.0625
-33 0.0
7 0.0125
-2 0.0
10 0.0
7 0.0
-2 0.07500000000000001
-2 0.0
-33 0.046875
-33 0.0
7 0.028125
-2 0.0
10 0.0
7 0.0
5 0.037500000000000006
5 0.0
-2 0.037500000000000006
-2 0.0
-30 0.0171875
-30 0.0
7 0.0578125
-2 0.0
10 0.0
7 0.0
-29 0.021875000000000002
-29 0.0
-2 0.053125000000000006
-2 0.0
7 0.07500000000000001
7 0.0
3 0.018750000000000003
3 0.0
-2 0.05625
-2 0.0
-26 0.045312500000000006
-26 0.0
7 0.029687500000000002
1 0.0
13 0.0
7 0.0
-2 0.07500000000000001
-2 0.0
1 0.0546875
1 0.0
7 0.0203125
7 0.0
-2 0.07500000000000001
-2 0.0
-30 0.06875
-30 0.0
6 0.00625
-6 0.0
6 0.0
-14 0.0
-6 0.0
6 0.0
-2 0.0015625
-2 0.0
-2 0.0734375
-2 0.0
6 0.07500000000000001
-14 0.0
-6 0.0
6 0.0
-2 0.07500000000000001
-2 0.0
6 0.07500000000000001
-2 0.0
10 0.0
6 0.0
-6 0.0140625
-6 0.0
-2 0.060937500000000006
-2 0.0
-26 0.059375000000000004
-26 0.0
6 0.015625
1 0.0
13 0.0
-14 0.0
-6 0.0
6 0.0
5 0.010937500000000001
5 0.0
-2 0.06406250000000001
-2 0.0
6 0.07500000000000001
6 0.0
-2 0.07500000000000001
-2 0.0
6 0.07500000000000001
-14 0.0
-6 0.0
6 0.0
3 0.0078125
3 0.0
-2 0.0671875
-2 0.0
-23 0.045312500000000006
-23 0.0
6 0.029687500000000002
-2 0.0
10 0.0
6 0.0
-2 0.07500000000000001
-2 0.0
1 0.051562500000000004
1 0.0
6 0.0234375
-14 0.0
-6 0.0
6 0.0
-2 0.07500000000000001
-2 0.0
-28 0.046875
-28 0.0
-2 0.0234375
-2 0.0
8 0.004687500000000001
-4 0.0
8 0.0
-12 0.0
-6 0.0
8 0.0
0 0.07500000000000001
0 0.0
-40 0.05
-40 0.0
8 0.025
-12 0.0
-6 0.0
8 0.0
0 0.07500000000000001
0 0.0
-40 0.037500000000000006
-40 0.0
-4 0.0203125
-4 0.0
8 0.0171875
0 0.0
12 0.0
8 0.0
0 0.07500000000000001
0 0.0
-40 0.045312500000000006
-40 0.0
8 0.029687500000000002
3 0.0
15 0.0
-12 0.0
-6 0.0
8 0.0
5 0.004687500000000001
5 0.0
0 0.0703125
0 0.0
-36 0.040625
-36 0.0
8 0.034375
8 0.0
0 0.07500000000000001
0 0.0
3 0.06875
3 0.0
8 0.00625
-12 0.0
-6 0.0
8 0.0
0 0.07500000000000001
0 0.0
-33 0.03125
-33 0.0
8 0.043750000000000004
8 0.0
20 0.0
8 0.0
0 0.07500000000000001
0 0.0
1 0.025
1 0.0
8 0.05
-12 0.0
-6 0.0
8 0.0
0 0.07500000000000001
0 0.0
-35 0.03125
-35 0.0
1 0.037500000000000006
1 0.0
-11 0.00625
-7 0.0
-4 0.30000000000000004
5 0.0
-4 0.0
5 0.0
-4 0.15000000000000002
5 0.0
-4 0.0
5 0.0
-4 0.30000000000000004
5 0.0
-4 0.0
5 0.0
-4 0.30000000000000004
5 0.0
-4 0.0
5 0.0
-40 0.12187500000000001
-40 0.0
-6 0.028125
3 0.0
-6 0.0
3 0.0
-40 0.2734375
-40 0.0
-2 0.026562500000000003
6 0.0
-2 0.0
6 0.0
-35 0.27187500000000003
-35 0.0
-4 0.028125
5 0.0
-4 0.0
5 0.0
-4 0.30000000000000004
-4 0.0
0 0.16875
0 0.0
8 0.13125
0 0.0
3 0.0
15 0.0
8 0.0
0 0.0
3 0.0
15 0.0
0 0.17343750000000002
0 0.0
-9 0.1265625
-12 0.0
20 0.0
-9 0.0
-12 0.0
20 0.0
0 0.1421875
0 0.0
15 0.0078125
15 0.0
-9 0.15000000000000002
-6 0.0
23 0.0
-9 0.0
-6 0.0
23 0.0
0 0.0203125
0 0.0
24 0.0546875
24 0.0
20 0.07500000000000001
20 0.0
-9 0.15000000000000002
-12 0.0
15 0.0
-9 0.0
-12 0.0
15 0.0
-4 0.00625
-4 0.0
25 0.14375000000000002
25 0.0
-4 0.03125
-4 0.0
8 0.11875000000000001
5 0.0
1 0.0
8 0.0
5 0.0
1 0.0
5 0.15000000000000002
5 0.0
-4 0.010937500000000001
-4 0.0
1 0.1390625
1 0.0
-4 0.13125
-4 0.0
-4 0.018750000000000003
-4 0.0
-4 0.1390625
-4 0.0
1 0.010937500000000001
1 0.0
-4 0.15000000000000002
-4 0.0
-7 0.15000000000000002
-7 0.0
-4 0.004687500000000001
-4 0.0
-11 0.1453125
-11 0.0
0 0.00625
0 0.0
8 0.14375000000000002
0 0.0
3 0.0
8 0.0
0 0.0
3 0.0
-9 0.15000000000000002
-12 0.0
-9 0.0
-12 0.0
0 0.0078125
0 0.0
-40 0.010937500000000001
-40 0.0
0 0.259375
0 0.0
-40 0.028125
-40 0.0
0 0.1375
0 0.0
-6 0.00625
-9 0.0
-6 0.0
-9 0.0
-36 0.009375000000000001
-36 0.0
-4 0.265625
-4 0.0
-40 0.026562500000000003
-40 0.0
-7 0.1484375
-11 0.0
-7 0.0
-11 0.0
-4 0.004687500000000001
-4 0.0
-35 0.0125
-35 0.0
1 0.1328125
5 0.0
8 0.0
1 0.0
5 0.0
8 0.0
-4 0.1375
-4 0.0
-23 0.021875000000000002
-23 0.0
-4 0.234375
-4 0.0
-4 0.1703125
-4 0.0
-4 0.3171875
-4 0.0
-2 0.15156250000000002
-2 0.0
1 0.16718750000000002
10 0.0
6 0.0
-9 0.0
-6 0.0
1 0.0
10 0.0
6 0.0
-9 0.0
-6 0.0
-30 0.00625
-30 0.0
-2 0.13125
-2 0.0
13 0.0125
1 0.0
13 0.0
1 0.0
13 0.15000000000000002
1 0.0
13 0.0
1 0.0
-2 0.1203125
-2 0.0
-30 0.026562500000000003
-30 0.0
13 0.003125
1 0.0
13 0.0
1 0.0
1 0.12812500000000002
1 0.0
-9 0.021875000000000002
-6 0.0
13 0.0
1 0.0
-9 0.0
-6 0.0
13 0.0
1 0.0
-35 0.27968750000000003
-35 0.0
-2 0.015625
-2 0.0
13 0.004687500000000001
1 0.0
13 0.0
1 0.0
-7 0.15000000000000002
-11 0.0
-7 0.0
-11 0.0
-4 0.026562500000000003
-4 0.0
5 0.1234375
8 0.0
1 0.0
5 0.0
8 0.0
1 0.0
-4 0.15781250000000002
-4 0.0
-4 0.2671875
-4 0.0
1 0.15156250000000002
1 0.0
1 0.4625
1 0.0
0 0.1546875
0 0.0
-28 0.0015625
-28 0.0
3 0.004687500000000001
-4 0.0
0 0.0
-4 0.0
-9 0.0
-6 0.0
3 0.0
-4 0.0
0 0.0
-9 0.0
-6 0.0
-2 0.15000000000000002
-2 0.0
0 0.13125
0 0.0
-4 0.018750000000000003
-4 0.0
1 0.1484375
1 0.0
-28 0.0078125
-28 0.0
-9 0.14375000000000002
-6 0.0
-9 0.0
-6 0.0
3 0.004687500000000001
3 0.0
1 0.2671875
1 0.0
-35 0.009375000000000001
-35 0.0
1 0.018750000000000003
1 0.0
-7 0.15000000000000002
-11 0.0
-7 0.0
-11 0.0
1 0.1125
1 0.0
-4 0.037500000000000006
5 0.0
1 0.0
-4 0.0
5 0.0
1 0.0
1 0.15000000000000002
1 0.0
1 0.15000000000000002
1 0.0
1 0.15000000000000002
1 0.0
1 0.15000000000000002
-23 0.0
1 0.0
-23 0.0
-4 0.3328125
-4 0.0
0 0.1421875
0 0.0
-40 0.125
0 0.0
8 0.0
3 0.0
-12 0.0
-9 0.0
8 0.0
0 0.0
8 0.0
3 0.0
-12 0.0
-9 0.0
-40 0.0
8 0.15000000000000002
8 0.0
0 0.028125
0 0.0
7 0.12187500000000001
7 0.0
0 0.1421875
0 0.0
-36 0.0078125
-9 0.0
-6 0.0
8 0.0
-9 0.0
-6 0.0
8 0.0
-36 0.0
12 0.15000000000000002
12 0.0
0 0.010937500000000001
0 0.0
15 0.1390625
15 0.0
-4 0.15000000000000002
17 0.0
-4 0.0
17 0.0
-35 0.15000000000000002
-7 0.0
-11 0.0
13 0.0
-7 0.0
-11 0.0
13 0.0
-35 0.0
-4 0.0140625
-4 0.0
5 0.13593750000000002
1 0.0
8 0.0
5 0.0
1 0.0
8 0.0
-23 0.1234375
-23 0.0
-4 0.026562500000000003
-4 0.0
-4 0.0015625
-4 0.0
-23 0.1046875
-23 0.0
-5 0.043750000000000004
-5 0.0
-23 0.10625000000000001
-23 0.0
-4 0.0234375
-4 0.0
-4 0.0203125
-4 0.0
-4 0.1234375
-4 0.0
-26 0.004687500000000001
-26 0.0
-7 0.021875000000000002
-11 0.0
0 0.0
-7 0.0
-11 0.0
0 0.0
3 0.15000000000000002
3 0.0
-28 0.115625
-28 0.0
-4 0.0328125
-4 0.0
-9 0.0015625
-12 0.0
5 0.0
-9 0.0
-12 0.0
5 0.0
1 0.15000000000000002
1 0.0
0 0.015625
0 0.0
-40 0.10312500000000001
-40 0.0
8 0.03125
0 0.0
3 0.0
-12 0.0
-9 0.0
8 0.0
0 0.0
3 0.0
-12 0.0
-9 0.0
8 0.15000000000000002
0 0.0171875
0 0.0
7 0.1328125
-36 0.11875000000000001
-36 0.0
0 0.0203125
0 0.0
-9 0.010937500000000001
-6 0.0
8 0.0
-9 0.0
-6 0.0
17 0.15000000000000002
0 0.0015625
0 0.0
15 0.1484375
-35 0.11093750000000001
-35 0.0
-4 0.028125
-4 0.0
13 0.010937500000000001
-7 0.15000000000000002
-11 0.0
8 0.0
-7 0.0
-11 0.0
-4 0.0015625
-4 0.0
5 0.1484375
1 0.0
8 0.0
5 0.0
1 0.0
8 0.0
-23 0.12187500000000001
-23 0.0
-4 0.0234375
-4 0.0
-23 0.1234375
-23 0.0
-11 0.03125
-11 0.0
-4 0.1015625
-4 0.0
-23 0.0171875
-23 0.0
-4 0.1375
-4 0.0
-26 0.021875000000000002
-26 0.0
-28 0.2828125
-28 0.0
-4 0.0203125
-4 0.0
-2 0.153125
-2 0.0
-30 0.16562500000000002
6 0.0
-2 0.0
1 0.0
-6 0.0
-2 0.0
6 0.0
6 0.0
-2 0.0
1 0.0
-6 0.0
-30 0.0
-2 0.12812500000000002
-2 0.0
1 0.021875000000000002
1 0.0
-2 0.2734375
-2 0.0
-35 0.026562500000000003
-6 0.0
-2 0.0
1 0.0
-6 0.0
-2 0.0
1 0.0
-35 0.0
1 0.1265625
1 0.0
-30 0.0234375
1 0.0
1 0.0
-30 0.0
1 0.15000000000000002
1 0.0
-2 0.14375000000000002
-2 0.0
-30 0.00625
1 0.0
1 0.0
-30 0.0
-33 0.15000000000000002
-4 0.0
-7 0.0
1 0.0
-4 0.0
-7 0.0
1 0.0
-33 0.0
-4 0.025
-4 0.0
-31 0.125
1 0.0
5 0.0
-4 0.0
5 0.0
-4 0.0
-31 0.0
1 0.15000000000000002
1 0.0
-4 0.0125
-4 0.0
1 0.1375
1 0.0
-4 0.146875
-4 0.0
-35 0.003125
1 0.0
1 0.0
-35 0.0
1 0.14375000000000002
1 0.0
1 0.00625
1 0.0
-31 0.30000000000000004
1 0.0
1 0.0
-31 0.0
1 0.15156250000000002
1 0.0
-33 0.1484375
0 0.0
3 0.0
-4 0.0
-9 0.0
-6 0.0
-4 0.0
0 0.0
3 0.0
-4 0.0
-9 0.0
-6 0.0
-33 0.0
0 0.009375000000000001
0 0.0
1 0.2859375
1 0.0
-4 0.004687500000000001
-4 0.0
-36 0.15000000000000002
-6 0.0
-2 0.0
-4 0.0
-6 0.0
-2 0.0
-4 0.0
-36 0.0
3 0.14375000000000002
3 0.0
-4 0.00625
-4 0.0
1 0.2765625
1 0.0
-33 0.0234375
-4 0.0
-4 0.0
-33 0.0
-4 0.15000000000000002
-7 0.0
1 0.0
-4 0.0
-7 0.0
1 0.0
1 0.12812500000000002
1 0.0
-35 0.021875000000000002
1 0.0
-7 0.0
-4 0.0
-35 0.0
-7 0.0
-4 0.0
-35 0.0
-35 0.0
3 0.64375
3 0.0
5 0.0234375
5 0.0
3 0.2171875
3 0.0
1 0.2
1 0.0
-30 0.1125
-30 0.0
-6 0.003125
6 0.0
-6 0.0
6 0.0
-2 0.07500000000000001
-2 0.0
-2 0.026562500000000003
-2 0.0
-6 0.0484375
-6 0.0
-2 0.07500000000000001
-2 0.0
-6 0.07500000000000001
-6 0.0
-2 0.07500000000000001
-2 0.0
-26 0.053125000000000006
-26 0.0
-6 0.021875000000000002
-6 0.0
-2 0.07500000000000001
-2 0.0
-6 0.07500000000000001
-6 0.0
-2 0.07500000000000001
-2 0.0
-6 0.07500000000000001
-6 0.0
-2 0.07500000000000001
-2 0.0
-23 0.034375
-23 0.0
-6 0.040625
-6 0.0
-2 0.07500000000000001
-2 0.0
-6 0.07500000000000001
-6 0.0
-2 0.07500000000000001
-2 0.0
-35 0.043750000000000004
-35 0.0
-7 0.03125
5 0.0
-7 0.0
5 0.0
-4 0.07500000000000001
-4 0.0
-7 0.07500000000000001
-7 0.0
-4 0.07500000000000001
-4 0.0
-7 0.07500000000000001
-7 0.0
-4 0.07500000000000001
-4 0.0
-31 0.06406250000000001
-31 0.0
-7 0.010937500000000001
17 0.0
-7 0.0
5 0.015625
5 0.0
-4 0.059375000000000004
-4 0.0
-26 0.0578125
-26 0.0
-7 0.0171875
-7 0.0
-4 0.07500000000000001
-4 0.0
-7 0.07500000000000001
15 0.0
-7 0.0
3 0.004687500000000001
3 0.0
-4 0.0703125
-4 0.0
-28 0.0421875
-28 0.0
-7 0.0328125
-7 0.0
-4 0.07500000000000001
-4 0.0
1 0.0546875
1 0.0
-7 0.0203125
13 0.0
-7 0.0
-4 0.07500000000000001
-4 0.0
-40 0.0484375
-40 0.0
3 0.0078125
3 0.0
-6 0.018750000000000003
15 0.0
-6 0.0
-9 0.07500000000000001
17 0.0
-9 0.0
-6 0.07500000000000001
15 0.0
-6 0.0
-9 0.07500000000000001
17 0.0
-9 0.0
-6 0.07500000000000001
15 0.0
-6 0.0
-9 0.07500000000000001
17 0.0
-9 0.0
-36 0.0625
-36 0.0
-6 0.0125
15 0.0
-6 0.0
-9 0.07500000000000001
17 0.0
-9 0.0
-6 0.07500000000000001
15 0.0
3 0.0
-6 0.0
3 0.0
-9 0.07500000000000001
17 0.0
-9 0.0
-6 0.07500000000000001
15 0.0
-6 0.0
-9 0.07500000000000001
17 0.0
-9 0.0
-33 0.028125
-33 0.0
-6 0.046875
15 0.0
-6 0.0
-9 0.07500000000000001
-9 0.0
-6 0.07500000000000001
-6 0.0
-9 0.07500000000000001
-9 0.0
-7 0.07500000000000001
1 0.0
-7 0.0
1 0.0
-4 0.07500000000000001
-4 0.0
-23 0.053125000000000006
-23 0.0
-7 0.021875000000000002
-7 0.0
-4 0.07500000000000001
-4 0.0
-23 0.046875
-23 0.0
-7 0.028125
-7 0.0
-4 0.07500000000000001
-4 0.0
-23 0.040625
-23 0.0
-7 0.034375
-7 0.0
5 0.0125
5 0.0
-4 0.0625
-4 0.0
-26 0.040625
-26 0.0
-7 0.034375
-1 0.0
-7 0.0
-1 0.0
-4 0.07500000000000001
-4 0.0
3 0.07187500000000001
3 0.0
-7 0.003125
-7 0.0
-4 0.07500000000000001
-4 0.0
-28 0.03125
-28 0.0
-7 0.043750000000000004
-7 0.0
-4 0.07500000000000001
-4 0.0
1 0.025
1 0.0
-7 0.05
-7 0.0
-4 0.07500000000000001
-4 0.0
-30 0.037500000000000006
-30 0.0
-2 0.0078125
-2 0.0
-6 0.029687500000000002
-2 0.0
-6 0.0
-2 0.0
-2 0.07500000000000001
-2 0.0
-6 0.07500000000000001
-6 0.0
-2 0.07500000000000001
-2 0.0
-6 0.051562500000000004
-6 0.0
-6 0.0234375
-6 0.0
-2 0.07500000000000001
-2 0.0
-26 0.05
-26 0.0
5 0.00625
5 0.0
-6 0.018750000000000003
-6 0.0
-2 0.07500000000000001
-2 0.0
-6 0.07500000000000001
1 0.0
-6 0.0
1 0.0
-2 0.07500000000000001
-2 0.0
3 0.053125000000000006
3 0.0
-6 0.021875000000000002
-6 0.0
-2 0.07500000000000001
-2 0.0
-23 0.029687500000000002
-23 0.0
-6 0.045312500000000006
-6 0.0
-2 0.07500000000000001
-2 0.0
1 0.0078125
1 0.0
-6 0.0671875
-6 0.0
-2 0.07500000000000001
-2 0.0
-2 0.0328125
-2 0.0
-28 0.0328125
-28 0.0
-4 0.009375000000000001
0 0.0
-4 0.0
0 0.0
0 0.07500000000000001
0 0.0
-4 0.07500000000000001
-4 0.0
0 0.07500000000000001
0 0.0
-4 0.037500000000000006
-4 0.0
-4 0.037500000000000006
-4 0.0
0 0.07500000000000001
0 0.0
5 0.0578125
5 0.0
-24 0.0015625
-24 0.0
-4 0.015625
-4 0.0
0 0.07500000000000001
0 0.0
-4 0.07500000000000001
3 0.0
-4 0.0
3 0.0
0 0.07500000000000001
0 0.0
3 0.05
3 0.0
-4 0.025
-4 0.0
0 0.07500000000000001
0 0.0
-21 0.028125
-21 0.0
-4 0.046875
-4 0.0
0 0.07500000000000001
0 0.0
1 0.021875000000000002
1 0.0
-4 0.053125000000000006
-4 0.0
0 0.07500000000000001
0 0.0
5 0.03125
5 0.0
-35 0.0125
-35 0.0
-7 0.03125
5 0.0
-7 0.0
5 0.0
1 0.07500000000000001
1 0.0
-7 0.07500000000000001
-7 0.0
1 0.07500000000000001
1 0.0
-7 0.07500000000000001
-7 0.0
1 0.07500000000000001
1 0.0
-31 0.0546875
-31 0.0
-7 0.0203125
-7 0.0
1 0.07500000000000001
1 0.0
-7 0.07500000000000001
8 0.0
-7 0.0
8 0.0
1 0.07500000000000001
1 0.0
-7 0.07500000000000001
-7 0.0
1 0.07500000000000001
1 0.0
-28 0.03125
-28 0.0
-7 0.043750000000000004
27 0.0
-7 0.0
1 0.07500000000000001
29 0.0
1 0.0
-7 0.07500000000000001
-7 0.0
1 0.07500000000000001
1 0.0
-35 0.045312500000000006
-35 0.0
-7 0.029687500000000002
27 0.0
13 0.0
-7 0.0
13 0.0
-1 0.07500000000000001
-1 0.0
-7 0.07500000000000001
-7 0.0
-1 0.07500000000000001
-1 0.0
-7 0.07500000000000001
-7 0.0
-1 0.07500000000000001
-1 0.0
-35 0.0578125
-35 0.0
-7 0.0171875
-7 0.0
5 0.0203125
5 0.0
-1 0.0546875
-1 0.0
-40 0.0625
-40 0.0
-7 0.0125
17 0.0
-7 0.0
17 0.0
-1 0.07500000000000001
-1 0.0
3 0.07500000000000001
-7 0.0
3 0.0
-7 0.0
-1 0.07500000000000001
-1 0.0
-35 0.0328125
-35 0.0
-7 0.0421875
-7 0.0
-1 0.07500000000000001
-1 0.0
1 0.0484375
1 0.0
-7 0.026562500000000003
-7 0.0
-1 0.07500000000000001
-1 0.0
-2 0.035937500000000004
-2 0.0
-30 0.010937500000000001
-30 0.0
-2 0.028125
18 0.0
-2 0.0
18 0.0
-6 0.07500000000000001
-6 0.0
-2 0.07500000000000001
-2 0.0
-6 0.07500000000000001
-6 0.0
1 0.046875
1 0.0
-2 0.028125
-2 0.0
-6 0.07500000000000001
-6 0.0
-26 0.046875
-26 0.0
-2 0.028125
-2 0.0
-6 0.07500000000000001
-6 0.0
1 0.040625
1 0.0
-2 0.034375
-2 0.0
-6 0.07500000000000001
-6 0.0
-2 0.07500000000000001
-2 0.0
-6 0.07500000000000001
-6 0.0
-23 0.0078125
-23 0.0
-2 0.037500000000000006
-2 0.0
-2 0.029687500000000002
-2 0.0
-6 0.07500000000000001
-6 0.0
3 0.06875
3 0.0
-2 0.00625
-2 0.0
-6 0.07500000000000001
-6 0.0
-28 0.03125
-28 0.0
0 0.043750000000000004
17 0.0
0 0.0
17 0.0
-4 0.07500000000000001
-4 0.0
-40 0.021875000000000002
-40 0.0
0 0.053125000000000006
0 0.0
-4 0.07500000000000001
-4 0.0
-40 0.018750000000000003
-40 0.0
0 0.05625
0 0.0
-4 0.07500000000000001
-4 0.0
-40 0.025
-40 0.0
3 0.0328125
3 0.0
0 0.0171875
0 0.0
-4 0.07500000000000001
-4 0.0
-36 0.034375
-36 0.0
0 0.040625
15 0.0
0 0.0
15 0.0
-4 0.07500000000000001
-4 0.0
1 0.05
1 0.0
0 0.025
0 0.0
-4 0.07500000000000001
-4 0.0
-33 0.035937500000000004
-33 0.0
0 0.0390625
0 0.0
-4 0.07500000000000001
-4 0.0
3 0.0140625
3 0.0
0 0.060937500000000006
0 0.0
-4 0.07500000000000001
-4 0.0
5 0.018750000000000003
5 0.0
-38 0.0328125
-38 0.0
1 0.0234375
17 0.0
1 0.0
17 0.0
-2 0.07500000000000001
-2 0.0
1 0.07500000000000001
1 0.0
-2 0.07500000000000001
-2 0.0
5 0.03125
5 0.0
1 0.043750000000000004
1 0.0
-2 0.07500000000000001
-2 0.0
3 0.043750000000000004
3 0.0
-35 0.026562500000000003
-35 0.0
1 0.004687500000000001
1 0.0
-2 0.07500000000000001
-2 0.0
5 0.07500000000000001
5 0.0
1 0.07500000000000001
1 0.0
3 0.043750000000000004
3 0.0
5 0.03125
5 0.0
1 0.07500000000000001
1 0.0
-31 0.028125
-31 0.0
1 0.010937500000000001
1 0.0
5 0.035937500000000004
5 0.0
1 0.07500000000000001
1 0.0
5 0.07500000000000001
5 0.0
1 0.07500000000000001
1 0.0
7 0.07500000000000001
15 0.0
7 0.0
15 0.0
-2 0.07500000000000001
-2 0.0
-33 0.046875
-33 0.0
7 0.028125
7 0.0
-2 0.07500000000000001
-2 0.0
-33 0.043750000000000004
-33 0.0
7 0.03125
7 0.0
-2 0.07500000000000001
-2 0.0
-33 0.034375
-33 0.0
5 0.026562500000000003
5 0.0
7 0.0140625
7 0.0
-2 0.07500000000000001
-2 0.0
-30 0.00625
-30 0.0
-29 0.065625
-29 0.0
7 0.003125
13 0.0
7 0.0
13 0.0
-2 0.07500000000000001
-2 0.0
3 0.045312500000000006
3 0.0
7 0.029687500000000002
7 0.0
-2 0.07500000000000001
-2 0.0
-26 0.026562500000000003
-26 0.0
7 0.0484375
7 0.0
-2 0.07500000000000001
-2 0.0
1 0.0078125
1 0.0
7 0.0671875
7 0.0
-2 0.07500000000000001
-2 0.0
-2 0.029687500000000002
-2 0.0
-30 0.015625
-30 0.0
-2 0.029687500000000002
10 0.0
-2 0.0
10 0.0
6 0.07500000000000001
6 0.0
-2 0.07500000000000001
-2 0.0
6 0.07500000000000001
6 0.0
-6 0.037500000000000006
-6 0.0
-2 0.037500000000000006
-2 0.0
6 0.07500000000000001
6 0.0
5 0.053125000000000006
5 0.0
-26 0.018750000000000003
-26 0.0
-2 0.003125
-2 0.0
6 0.07500000000000001
6 0.0
-2 0.07500000000000001
-2 0.0
6 0.07500000000000001
6 0.0
3 0.0546875
3 0.0
-2 0.0203125
-2 0.0
6 0.07500000000000001
6 0.0
-23 0.040625
-23 0.0
-2 0.034375
-2 0.0
6 0.07500000000000001
6 0.0
1 0.004687500000000001
1 0.0
-2 0.0703125
-2 0.0
6 0.07500000000000001
6 0.0
-2 0.0390625
-2 0.0
-28 0.0140625
-28 0.0
0 0.021875000000000002
8 0.0
0 0.0
8 0.0
8 0.07500000000000001
8 0.0
0 0.07500000000000001
0 0.0
8 0.07500000000000001
8 0.0
-4 0.021875000000000002
-4 0.0
-40 0.0140625
-40 0.0
0 0.0390625
0 0.0
8 0.07500000000000001
8 0.0
5 0.05
5 0.0
0 0.025
0 0.0
8 0.07500000000000001
8 0.0
-36 0.0421875
-36 0.0
0 0.0328125
0 0.0
8 0.07500000000000001
8 0.0
3 0.046875
3 0.0
0 0.028125
0 0.0
8 0.07500000000000001
8 0.0
-33 0.046875
-33 0.0
0 0.028125
6 0.0
0 0.0
6 0.0
1 0.065625
1 0.0
8 0.009375000000000001
8 0.0
0 0.07500000000000001
0 0.0
8 0.07500000000000001
8 0.0
1 0.025
1 0.0
-35 0.028125
-35 0.0
-7 0.021875000000000002
-7 0.0
5 0.0
5 0.0
5 0.0
-7 0.0
5 0.0
-4 0.15000000000000002
-4 0.0
8 0.0
8 0.0
-4 0.0
1 0.15000000000000002
1 0.0
13 0.0
13 0.0
1 0.0
5 0.15000000000000002
1 0.0
17 0.0
17 0.0
5 0.0
1 0.0
5 0.30000000000000004
1 0.0
17 0.0
17 0.0
5 0.0
1 0.0
1 0.30000000000000004
-7 0.0
13 0.0
13 0.0
1 0.0
-7 0.0
3 0.15000000000000002
-6 0.0
15 0.0
15 0.0
3 0.0
-6 0.0
6 0.30000000000000004
-2 0.0
18 0.0
18 0.0
6 0.0
-2 0.0
5 0.30000000000000004
-4 0.0
17 0.0
17 0.0
5 0.0
-4 0.0
-40 0.278125
-40 0.0
1 0.021875000000000002
-7 0.0
13 0.0
13 0.0
1 0.0
-7 0.0
-35 0.265625
-35 0.0
-11 0.034375
-11 0.0
13 0.0
13 0.0
-11 0.0
15 0.07500000000000001
15 0.0
-7 0.07500000000000001
-7 0.0
13 0.0
13 0.0
-7 0.0
15 0.07500000000000001
15 0.0
-4 0.07500000000000001
-4 0.0
13 0.0
13 0.0
-4 0.0
15 0.07500000000000001
15 0.0
1 0.07500000000000001
-7 0.0
13 0.0
13 0.0
1 0.0
-7 0.0
15 0.07500000000000001
15 0.0
13 0.07500000000000001
13 0.0
15 0.07500000000000001
15 0.0
1 0.07500000000000001
-7 0.0
13 0.0
13 0.0
1 0.0
-7 0.0
15 0.07500000000000001
15 0.0
13 0.07500000000000001
13 0.0
15 0.07500000000000001
15 0.0
-9 0.07500000000000001
-9 0.0
13 0.0
13 0.0
-9 0.0
15 0.07500000000000001
15 0.0
0 0.07500000000000001
-4 0.0
13 0.0
13 0.0
0 0.0
-4 0.0
15 0.07500000000000001
15 0.0
13 0.07500000000000001
13 0.0
15 0.07500000000000001
15 0.0
-40 0.053125000000000006
-40 0.0
3 0.021875000000000002
-6 0.0
13 0.0
13 0.0
3 0.0
-6 0.0
15 0.07500000000000001
15 0.0
13 0.07500000000000001
13 0.0
15 0.07500000000000001
15 0.0
1 0.07500000000000001
-7 0.0
1 0.0
-7 0.0
-35 0.284375
-35 0.0
-33 0.30000000000000004
-33 0.0
-5 0.015625
-5 0.0
7 0.0
7 0.0
-5 0.0
-2 0.15000000000000002
-2 0.0
10 0.0
10 0.0
-2 0.0
3 0.15000000000000002
3 0.0
15 0.0
15 0.0
3 0.0
7 0.15000000000000002
-2 0.0
19 0.0
19 0.0
7 0.0
-2 0.0
7 0.30000000000000004
-2 0.0
19 0.0
19 0.0
7 0.0
-2 0.0
-2 0.30000000000000004
-2 0.0
10 0.0
10 0.0
-2 0.0
5 0.15000000000000002
-4 0.0
17 0.0
17 0.0
5 0.0
-4 0.0
8 0.30000000000000004
0 0.0
20 0.0
20 0.0
8 0.0
0 0.0
7 0.30000000000000004
-2 0.0
19 0.0
19 0.0
7 0.0
-2 0.0
-26 0.2921875
-26 0.0
3 0.0078125
-5 0.0
15 0.0
15 0.0
3 0.0
-5 0.0
-33 0.290625
-33 0.0
3 0.009375000000000001
3 0.0
-9 0.0
-9 0.0
3 0.0
-21 0.0
-29 0.4296875
-29 0.0
7 0.0203125
-5 0.0
-5 0.0
7 0.0
-17 0.0
7 0.15000000000000002
-26 0.24375000000000002
-26 0.0
10 0.05625
10 0.0
-2 0.0
-2 0.0
10 0.0
-14 0.0
15 0.45
3 0.0
3 0.0
15 0.0
-9 0.0
7 0.0890625
7 0.0
-38 0.060937500000000006
15 0.0
15 0.0
3 0.0
3 0.0
15 0.0
-9 0.0
-38 0.0
15 0.30000000000000004
15 0.0
3 0.0
3 0.0
15 0.0
-9 0.0
5 0.17500000000000002
5 0.0
-33 0.125
15 0.0
-33 0.0
3 0.07968750000000001
3 0.0
-40 0.18906250000000002
-40 0.0
0 0.028125
0 0.0
0 0.003125
0 0.0
-4 0.07500000000000001
-4 0.0
0 0.07500000000000001
0 0.0
-4 0.07500000000000001
-4 0.0
0 0.07500000000000001
-12 0.0
-9 0.0
-4 0.0
0 0.0
-12 0.0
-9 0.0
-4 0.0
-4 0.07500000000000001
-4 0.0
-36 0.037500000000000006
-36 0.0
0 0.037500000000000006
-12 0.0
-9 0.0
-4 0.0
0 0.0
-12 0.0
-9 0.0
-4 0.0
-4 0.07500000000000001
-4 0.0
0 0.07500000000000001
0 0.0
-4 0.07500000000000001
-4 0.0
0 0.07500000000000001
-12 0.0
-9 0.0
-4 0.0
0 0.0
-12 0.0
-9 0.0
-4 0.0
-4 0.07500000000000001
-4 0.0
-33 0.028125
-33 0.0
0 0.046875
-14 0.0
-9 0.0
-5 0.0
0 0.0
-14 0.0
-9 0.0
-5 0.0
-4 0.07500000000000001
-4 0.0
0 0.07500000000000001
0 0.0
-4 0.07500000000000001
-4 0.0
-2 0.07500000000000001
-2 0.0
-5 0.07500000000000001
-5 0.0
-2 0.07500000000000001
-2 0.0
-5 0.07500000000000001
-5 0.0
-33 0.05625
-33 0.0
-2 0.018750000000000003
-2 0.0
-5 0.07500000000000001
-5 0.0
-33 0.043750000000000004
-33 0.0
7 0.0203125
7 0.0
-2 0.010937500000000001
-2 0.0
-5 0.07500000000000001
-5 0.0
-30 0.028125
-30 0.0
-2 0.046875
-2 0.0
-29 0.021875000000000002
-29 0.0
-5 0.053125000000000006
-5 0.0
5 0.046875
5 0.0
-2 0.028125
-2 0.0
-5 0.07500000000000001
-5 0.0
-26 0.035937500000000004
-26 0.0
-2 0.0390625
-2 0.0
-5 0.07500000000000001
-5 0.0
3 0.0421875
3 0.0
-2 0.0328125
-2 0.0
-5 0.07500000000000001
-5 0.0
5 0.046875
5 0.0
-38 0.004687500000000001
-38 0.0
2 0.0234375
2 0.0
-2 0.07500000000000001
-2 0.0
2 0.07500000000000001
2 0.0
-2 0.07500000000000001
-2 0.0
2 0.07500000000000001
-14 0.0
-10 0.0
-7 0.0
2 0.0
-14 0.0
-10 0.0
-7 0.0
-2 0.07500000000000001
-2 0.0
-34 0.053125000000000006
-34 0.0
2 0.021875000000000002
-14 0.0
-10 0.0
-7 0.0
2 0.0
-14 0.0
-10 0.0
-7 0.0
-2 0.07500000000000001
-2 0.0
2 0.07500000000000001
2 0.0
-2 0.07500000000000001
-2 0.0
2 0.07500000000000001
-14 0.0
-10 0.0
-7 0.0
2 0.0
-14 0.0
-10 0.0
-7 0.0
-2 0.07500000000000001
-2 0.0
-31 0.0328125
-31 0.0
2 0.0421875
-14 0.0
-9 0.0
-5 0.0
2 0.0
-14 0.0
-9 0.0
-5 0.0
-2 0.07500000000000001
-2 0.0
2 0.07500000000000001
2 0.0
-2 0.07500000000000001
-2 0.0
3 0.07500000000000001
3 0.0
-5 0.07500000000000001
-5 0.0
-33 0.05625
-33 0.0
3 0.018750000000000003
3 0.0
-5 0.07500000000000001
-5 0.0
-33 0.053125000000000006
-33 0.0
3 0.021875000000000002
3 0.0
-5 0.07500000000000001
-5 0.0
-33 0.051562500000000004
-33 0.0
7 0.015625
7 0.0
3 0.0078125
3 0.0
-5 0.07500000000000001
-5 0.0
-36 0.046875
-36 0.0
3 0.028125
3 0.0
-5 0.07500000000000001
-5 0.0
5 0.0578125
5 0.0
3 0.0171875
3 0.0
-5 0.07500000000000001
-5 0.0
-38 0.034375
-38 0.0
3 0.040625
3 0.0
-5 0.07500000000000001
-5 0.0
3 0.0234375
3 0.0
3 0.051562500000000004
3 0.0
-5 0.07500000000000001
-5 0.0
0 0.035937500000000004
0 0.0
-40 0.0078125
-40 0.0
0 0.03125
-9 0.0
-12 0.0
0 0.0
-9 0.0
-12 0.0
-4 0.07500000000000001
-4 0.0
0 0.07500000000000001
0 0.0
-4 0.07500000000000001
-4 0.0
-4 0.05
-4 0.0
0 0.025
0 0.0
-4 0.07500000000000001
-4 0.0
-36 0.059375000000000004
-36 0.0
7 0.00625
7 0.0
0 0.009375000000000001
0 0.0
-4 0.07500000000000001
-4 0.0
0 0.07500000000000001
0 0.0
-4 0.07500000000000001
-4 0.0
5 0.0625
5 0.0
0 0.0125
0 0.0
-4 0.07500000000000001
-4 0.0
-33 0.034375
-33 0.0
0 0.040625
0 0.0
-4 0.07500000000000001
-4 0.0
3 0.0390625
3 0.0
0 0.035937500000000004
0 0.0
-4 0.07500000000000001
-4 0.0
0 0.051562500000000004
0 0.0
-2 0.0234375
-7 0.0
-10 0.0
-2 0.0
-7 0.0
-10 0.0
-10 0.07500000000000001
-10 0.0
-38 0.060937500000000006
-38 0.0
-2 0.0140625
-2 0.0
-10 0.07500000000000001
-10 0.0
-38 0.0546875
-38 0.0
-2 0.0078125
-2 0.0
-2 0.0125
-2 0.0
-10 0.07500000000000001
-10 0.0
-38 0.053125000000000006
-38 0.0
-2 0.021875000000000002
-2 0.0
7 0.0203125
7 0.0
-10 0.0546875
-10 0.0
-34 0.05
-34 0.0
-2 0.025
-2 0.0
-10 0.07500000000000001
-10 0.0
-2 0.07500000000000001
-2 0.0
5 0.0125
5 0.0
-10 0.0625
-10 0.0
-31 0.0625
-31 0.0
-2 0.0125
-2 0.0
-10 0.07500000000000001
-10 0.0
3 0.05
3 0.0
-2 0.025
-2 0.0
-10 0.07500000000000001
-10 0.0
-33 0.0625
-33 0.0
7 0.0078125
7 0.0
-5 0.004687500000000001
-9 0.0
-14 0.0
-5 0.0
-9 0.0
-14 0.0
-9 0.07500000000000001
-9 0.0
-5 0.07500000000000001
-5 0.0
-9 0.07500000000000001
-9 0.0
-5 0.07500000000000001
-9 0.0
-14 0.0
-5 0.0
-9 0.0
-14 0.0
-9 0.07500000000000001
-9 0.0
-29 0.060937500000000006
-29 0.0
-5 0.0140625
-7 0.0
-10 0.0
-5 0.0
-7 0.0
-10 0.0
-9 0.07500000000000001
-9 0.0
-5 0.07500000000000001
-5 0.0
-9 0.07500000000000001
-9 0.0
-5 0.07500000000000001
-7 0.0
-10 0.0
-5 0.0
-7 0.0
-10 0.0
-9 0.07500000000000001
-9 0.0
-26 0.018750000000000003
-26 0.0
-5 0.05625
-5 0.0
-9 0.0
-5 0.0
-9 0.0
-9 0.07500000000000001
-9 0.0
-5 0.07500000000000001
-5 0.0
-9 0.07500000000000001
-9 0.0
-21 0.060937500000000006
-21 0.0
-5 0.0140625
-5 0.0
-11 0.07500000000000001
-11 0.0
-21 0.05
-21 0.0
-5 0.025
-5 0.0
-11 0.07500000000000001
-11 0.0
-21 0.0546875
-21 0.0
-5 0.0203125
-5 0.0
-11 0.07500000000000001
-11 0.0
-21 0.0578125
-21 0.0
-5 0.0171875
-5 0.0
7 0.0140625
7 0.0
-11 0.060937500000000006
-11 0.0
-30 0.046875
-30 0.0
-5 0.028125
-5 0.0
-29 0.034375
-29 0.0
-11 0.040625
-11 0.0
5 0.07500000000000001
-5 0.0
5 0.0
-5 0.0
-11 0.07500000000000001
-11 0.0
-26 0.053125000000000006
-26 0.0
-5 0.021875000000000002
-5 0.0
-11 0.07500000000000001
-11 0.0
3 0.0390625
3 0.0
-5 0.035937500000000004
-5 0.0
-11 0.07500000000000001
-11 0.0
0 0.0421875
0 0.0
-40 0.018750000000000003
-40 0.0
8 0.0140625
8 0.0
0 0.07500000000000001
0 0.0
8 0.07500000000000001
8 0.0
0 0.07500000000000001
0 0.0
3 0.045312500000000006
3 0.0
8 0.029687500000000002
-16 0.0
-12 0.0
-9 0.0
8 0.0
-16 0.0
-12 0.0
-9 0.0
0 0.07500000000000001
0 0.0
-36 0.0578125
-36 0.0
8 0.0171875
-16 0.0
-12 0.0
-9 0.0
8 0.0
-16 0.0
-12 0.0
-9 0.0
0 0.07500000000000001
0 0.0
3 0.046875
3 0.0
8 0.028125
8 0.0
0 0.07500000000000001
0 0.0
8 0.07500000000000001
-16 0.0
-12 0.0
-9 0.0
8 0.0
-16 0.0
-12 0.0
-9 0.0
0 0.07500000000000001
0 0.0
0 0.045312500000000006
0 0.0
-33 0.004687500000000001
-33 0.0
8 0.025
-16 0.0
-10 0.0
-7 0.0
8 0.0
-16 0.0
-10 0.0
-7 0.0
0 0.07500000000000001
0 0.0
5 0.07500000000000001
8 0.0
5 0.0
8 0.0
0 0.07500000000000001
0 0.0
10 0.07500000000000001
10 0.0
2 0.07500000000000001
2 0.0
10 0.07500000000000001
10 0.0
2 0.07500000000000001
2 0.0
-38 0.0578125
-38 0.0
10 0.0171875
10 0.0
2 0.07500000000000001
2 0.0
-38 0.043750000000000004
-38 0.0
10 0.03125
10 0.0
5 0.0546875
5 0.0
2 0.0203125
2 0.0
-35 0.03125
-35 0.0
5 0.043750000000000004
5 0.0
2 0.07500000000000001
2 0.0
-34 0.003125
-34 0.0
5 0.07187500000000001
5 0.0
3 0.0421875
3 0.0
2 0.0328125
2 0.0
-31 0.060937500000000006
-31 0.0
5 0.0140625
5 0.0
2 0.07500000000000001
2 0.0
5 0.065625
5 0.0
5 0.009375000000000001
5 0.0
2 0.07500000000000001
2 0.0
-36 0.065625
-36 0.0
7 0.009375000000000001
7 0.0
-12 0.0
-9 0.0
-5 0.0
7 0.0
7 0.0
-12 0.0
-9 0.0
-5 0.0
3 0.07500000000000001
3 0.0
7 0.07500000000000001
7 0.0
3 0.07500000000000001
3 0.0
7 0.07500000000000001
7 0.0
-12 0.0
-9 0.0
-5 0.0
7 0.0
7 0.0
-12 0.0
-9 0.0
-5 0.0
3 0.07500000000000001
3 0.0
-33 0.0703125
-33 0.0
5 0.004687500000000001
7 0.0
-14 0.0
-10 0.0
-7 0.0
5 0.0
7 0.0
-14 0.0
-10 0.0
-7 0.0
3 0.07500000000000001
3 0.0
7 0.07500000000000001
7 0.0
3 0.07500000000000001
3 0.0
7 0.07500000000000001
7 0.0
-12 0.0
-9 0.0
-5 0.0
7 0.0
7 0.0
-12 0.0
-9 0.0
-5 0.0
3 0.07500000000000001
3 0.0
-29 0.037500000000000006
-29 0.0
5 0.037500000000000006
7 0.0
-14 0.0
-10 0.0
-7 0.0
5 0.0
7 0.0
-14 0.0
-10 0.0
-7 0.0
3 0.07500000000000001
3 0.0
7 0.07500000000000001
7 0.0
3 0.07500000000000001
3 0.0
3 0.07500000000000001
5 0.0
-15 0.0
-12 0.0
-9 0.0
3 0.0
5 0.0
-15 0.0
-12 0.0
-9 0.0
-3 0.07500000000000001
-3 0.0
-31 0.053125000000000006
-31 0.0
5 0.021875000000000002
5 0.0
-3 0.07500000000000001
-3 0.0
-31 0.05
-31 0.0
5 0.025
5 0.0
-3 0.07500000000000001
-3 0.0
-31 0.045312500000000006
-31 0.0
5 0.029687500000000002
5 0.0
7 0.0234375
7 0.0
-3 0.051562500000000004
-3 0.0
-39 0.040625
-39 0.0
5 0.034375
5 0.0
-3 0.07500000000000001
-3 0.0
5 0.07500000000000001
5 0.0
5 0.010937500000000001
5 0.0
-3 0.06406250000000001
-3 0.0
-36 0.0421875
-36 0.0
5 0.0328125
5 0.0
-3 0.07500000000000001
-3 0.0
3 0.035937500000000004
3 0.0
5 0.0390625
5 0.0
-3 0.07500000000000001
-3 0.0
0 0.040625
0 0.0
-40 0.009375000000000001
-40 0.0
0 0.025
0 0.0
-9 0.07500000000000001
-9 0.0
0 0.07500000000000001
0 0.0
-9 0.07500000000000001
-9 0.0
-4 0.0484375
-4 0.0
0 0.026562500000000003
0 0.0
-9 0.07500000000000001
-9 0.0
7 0.0625
7 0.0
-36 0.009375000000000001
-36 0.0
0 0.003125
0 0.0
-9 0.07500000000000001
-9 0.0
0 0.07500000000000001
0 0.0
-9 0.07500000000000001
-9 0.0
5 0.07187500000000001
5 0.0
0 0.003125
0 0.0
-9 0.07500000000000001
-9 0.0
-33 0.034375
-33 0.0
0 0.040625
0 0.0
-9 0.07500000000000001
-9 0.0
3 0.015625
3 0.0
0 0.059375000000000004
0 0.0
-9 0.07500000000000001
-9 0.0
0 0.05625
0 0.0
2 0.018750000000000003
2 0.0
-7 0.07500000000000001
-7 0.0
-38 0.053125000000000006
-38 0.0
2 0.021875000000000002
2 0.0
-7 0.07500000000000001
-7 0.0
-38 0.046875
-38 0.0
-2 0.00625
-2 0.0
2 0.021875000000000002
2 0.0
-7 0.07500000000000001
-7 0.0
-38 0.035937500000000004
-38 0.0
2 0.0390625
-2 0.0
2 0.0
7 0.0
2 0.0
-2 0.0
7 0.0
7 0.0140625
7 0.0
-7 0.060937500000000006
-7 0.0
-34 0.03125
-34 0.0
2 0.043750000000000004
2 0.0
-7 0.07500000000000001
-7 0.0
5 0.06875
5 0.0
2 0.00625
-4 0.0
0 0.0
5 0.0
2 0.0
-4 0.0
0 0.0
5 0.0
-7 0.07500000000000001
-7 0.0
-31 0.043750000000000004
-31 0.0
2 0.03125
2 0.0
-7 0.07500000000000001
-7 0.0
3 0.035937500000000004
3 0.0
2 0.0390625
-5 0.0
-2 0.0
3 0.0
2 0.0
-5 0.0
-2 0.0
3 0.0
-7 0.07500000000000001
-7 0.0
-33 0.037500000000000006
-33 0.0
3 0.026562500000000003
3 0.0
-5 0.010937500000000001
-5 0.0
7 0.0
-5 0.0
-2 0.0
3 0.0
-5 0.0
-2 0.0
3 0.0
7 0.0
-2 0.15000000000000002
-2 0.0
10 0.0
-2 0.0
10 0.0
3 0.15000000000000002
3 0.0
15 0.0
3 0.0
15 0.0
7 0.15000000000000002
-2 0.0
17 0.0
7 0.0
-2 0.0
17 0.0
19 0.07500000000000001
19 0.0
7 0.225
-2 0.0
17 0.0
7 0.0
-2 0.0
17 0.0
19 0.07500000000000001
19 0.0
-2 0.225
-5 0.0
10 0.0
-2 0.0
-5 0.0
10 0.0
5 0.15000000000000002
-4 0.0
17 0.0
5 0.0
-4 0.0
17 0.0
8 0.30000000000000004
0 0.0
20 0.0
8 0.0
0 0.0
20 0.0
7 0.18125000000000002
7 0.0
7 0.11875000000000001
-2 0.0
19 0.0
7 0.0
-2 0.0
19 0.0
5 0.15156250000000002
5 0.0
-38 0.1203125
-38 0.0
3 0.028125
-5 0.0
15 0.0
3 0.0
-5 0.0
15 0.0
3 0.1125
3 0.0
0 0.1703125
0 0.0
-40 0.0078125
-40 0.0
0 0.009375000000000001
0 0.0
3 0.0
8 0.0
0 0.0
3 0.0
8 0.0
-9 0.07500000000000001
-9 0.0
0 0.07500000000000001
0 0.0
-9 0.07500000000000001
-9 0.0
-4 0.051562500000000004
-4 0.0
0 0.0234375
0 0.0
-9 0.07500000000000001
-9 0.0
-36 0.07500000000000001
0 0.0
0 0.0
-36 0.0
7 0.0203125
7 0.0
-9 0.0546875
-9 0.0
0 0.07500000000000001
0 0.0
-9 0.07500000000000001
-9 0.0
0 0.07500000000000001
0 0.0
5 0.00625
5 0.0
-9 0.06875
-9 0.0
-33 0.040625
-33 0.0
0 0.034375
0 0.0
-9 0.07500000000000001
-9 0.0
3 0.05625
3 0.0
0 0.018750000000000003
0 0.0
-9 0.07500000000000001
-9 0.0
0 0.07500000000000001
2 0.0
2 0.0
5 0.0
10 0.0
0 0.0
2 0.0
5 0.0
10 0.0
-7 0.07500000000000001
-7 0.0
-38 0.0703125
-38 0.0
2 0.004687500000000001
2 0.0
-7 0.07500000000000001
-7 0.0
-38 0.0625
-38 0.0
-2 0.00625
-2 0.0
2 0.00625
2 0.0
-7 0.07500000000000001
-7 0.0
-38 0.053125000000000006
-38 0.0
2 0.021875000000000002
2 0.0
7 0.0203125
7 0.0
-7 0.0546875
-7 0.0
-34 0.053125000000000006
-34 0.0
2 0.021875000000000002
2 0.0
-7 0.07500000000000001
-7 0.0
5 0.0703125
5 0.0
2 0.004687500000000001
2 0.0
-7 0.07500000000000001
-7 0.0
-31 0.05625
-31 0.0
2 0.018750000000000003
2 0.0
-7 0.07500000000000001
-7 0.0
3 0.0203125
3 0.0
2 0.0546875
2 0.0
-7 0.07500000000000001
-7 0.0
-33 0.05625
-33 0.0
3 0.00625
3 0.0
-5 0.0125
-5 0.0
7 0.0
-2 0.0
3 0.0
7 0.0
-5 0.0
7 0.0
-2 0.0
3 0.0
-2 0.15000000000000002
-2 0.0
10 0.0
-2 0.0
10 0.0
3 0.15000000000000002
3 0.0
15 0.0
3 0.0
15 0.0
7 0.15000000000000002
-2 0.0
17 0.0
7 0.0
-2 0.0
17 0.0
19 0.07500000000000001
19 0.0
7 0.225
-2 0.0
17 0.0
7 0.0
-2 0.0
17 0.0
19 0.07500000000000001
19 0.0
-2 0.225
-5 0.0
10 0.0
-2 0.0
-5 0.0
10 0.0
5 0.15000000000000002
-4 0.0
17 0.0
5 0.0
-4 0.0
17 0.0
8 0.30000000000000004
0 0.0
20 0.0
8 0.0
0 0.0
20 0.0
7 0.18125000000000002
7 0.0
7 0.11875000000000001
-2 0.0
19 0.0
7 0.0
-2 0.0
19 0.0
5 0.15625
5 0.0
-38 0.11875000000000001
-38 0.0
3 0.025
-5 0.0
15 0.0
3 0.0
-5 0.0
15 0.0
3 0.1234375
3 0.0
-40 0.15156250000000002
-40 0.0
0 0.018750000000000003
0 0.0
3 0.00625
8 0.0
0 0.0
3 0.0
8 0.0
0 0.0
-4 0.30625
-4 0.0
-36 0.1265625
-36 0.0
7 0.0484375
7 0.0
5 0.2859375
5 0.0
-33 0.0890625
-33 0.0
3 0.15625
3 0.0
0 0.1765625
0 0.0
10 0.010937500000000001
5 0.0
2 0.0
10 0.0
5 0.0
2 0.0
-38 0.1453125
-38 0.0
-38 0.1390625
-38 0.0
-2 0.015625
-2 0.0
-38 0.1125
-38 0.0
7 0.06406250000000001
7 0.0
-35 0.06406250000000001
-35 0.0
-34 0.0765625
-34 0.0
5 0.1328125
5 0.0
-31 0.1046875
-31 0.0
3 0.1390625
3 0.0
0 0.16718750000000002
0 0.0
-36 0.0078125
-36 0.0
7 0.03125
3 0.0
12 0.0
0 0.0
7 0.0
3 0.0
12 0.0
0 0.0
0 0.25
0 0.0
7 0.18906250000000002
7 0.0
-33 0.004687500000000001
-33 0.0
5 0.26406250000000003
5 0.0
-29 0.146875
-29 0.0
3 0.115625
3 0.0
5 0.178125
5 0.0
5 0.051562500000000004
0 0.0
9 0.0
5 0.0
0 0.0
9 0.0
-31 0.125
-31 0.0
3 0.12812500000000002
3 0.0
-31 0.0171875
-31 0.0
-31 0.1421875
-31 0.0
7 0.018750000000000003
7 0.0
-28 0.1125
-28 0.0
-27 0.11875000000000001
-27 0.0
5 0.051562500000000004
5 0.0
-24 0.1640625
-24 0.0
3 0.0859375
3 0.0
5 0.1859375
5 0.0
-40 0.025
-40 0.0
8 0.025
0 0.0
3 0.0
8 0.0
0 0.0
3 0.0
3 0.24531250000000002
3 0.0
-36 0.1921875
-36 0.0
7 0.003125
7 0.0
5 0.275
5 0.0
-33 0.146875
-33 0.0
3 0.125
3 0.0
5 0.1875
5 0.0
2 0.025
5 0.0
10 0.0
2 0.0
5 0.0
10 0.0
-38 0.1390625
-38 0.0
3 0.12812500000000002
3 0.0
-38 0.0203125
-38 0.0
-38 0.140625
-38 0.0
7 0.010937500000000001
7 0.0
-34 0.1234375
-34 0.0
5 0.1609375
5 0.0
-31 0.15156250000000002
-31 0.0
3 0.1046875
3 0.0
3 0.18906250000000002
3 0.0
-33 0.00625
-33 0.0
-5 0.025
-5 0.0
7 0.0
7 0.0
7 0.0
-5 0.0
7 0.0
-2 0.15000000000000002
-2 0.0
10 0.0
10 0.0
10 0.0
-2 0.0
10 0.0
3 0.15000000000000002
3 0.0
15 0.0
15 0.0
15 0.0
3 0.0
15 0.0
7 0.15000000000000002
-2 0.0
17 0.0
19 0.0
19 0.0
7 0.0
-2 0.0
17 0.0
19 0.0
19 0.07500000000000001
19 0.0
7 0.225
-2 0.0
17 0.0
19 0.0
19 0.0
7 0.0
-2 0.0
17 0.0
19 0.0
19 0.07500000000000001
19 0.0
-2 0.225
-5 0.0
10 0.0
10 0.0
10 0.0
-2 0.0
-5 0.0
10 0.0
5 0.15000000000000002
-4 0.0
17 0.0
17 0.0
17 0.0
5 0.0
-4 0.0
17 0.0
8 0.30000000000000004
0 0.0
20 0.0
20 0.0
20 0.0
8 0.0
0 0.0
20 0.0
7 0.30000000000000004
-2 0.0
19 0.0
19 0.0
19 0.0
7 0.0
-2 0.0
19 0.0
-38 0.26875
-38 0.0
3 0.03125
-5 0.0
15 0.0
15 0.0
15 0.0
3 0.0
-5 0.0
15 0.0
-33 0.2859375
-33 0.0
-9 0.0140625
-9 0.0
3 0.0
3 0.0
3 0.0
-9 0.0
3 0.0
-5 0.15000000000000002
-5 0.0
7 0.0
7 0.0
7 0.0
-5 0.0
7 0.0
-2 0.15000000000000002
-2 0.0
10 0.0
10 0.0
10 0.0
-2 0.0
10 0.0
3 0.15000000000000002
-5 0.0
15 0.0
15 0.0
15 0.0
3 0.0
-5 0.0
15 0.0
3 0.30000000000000004
-5 0.0
15 0.0
15 0.0
15 0.0
3 0.0
-5 0.0
15 0.0
-2 0.30000000000000004
-2 0.0
10 0.0
10 0.0
10 0.0
-2 0.0
10 0.0
2 0.15000000000000002
-7 0.0
14 0.0
14 0.0
14 0.0
2 0.0
-7 0.0
14 0.0
-38 0.29375
-38 0.0
5 0.00625
-4 0.0
17 0.0
17 0.0
17 0.0
5 0.0
-4 0.0
17 0.0
3 0.30000000000000004
-5 0.0
15 0.0
15 0.0
15 0.0
3 0.0
-5 0.0
15 0.0
15 0.27968750000000003
15 0.0
-33 0.0203125
15 0.0
3 0.0
27 0.0
27 0.0
27 0.0
15 0.0
3 0.0
-33 0.0
