-38 2.2902122419471445
-26 0.0
-19 0.0
-14 0.0
-10 0.0
-7 0.0
-31 0.0
-2 0.0
2 0.0
-7 0.0
-33 0.0
-27 0.0
-12 0.0
-27 0.28627653024339306
-7 0.14313826512169653
-10 0.0
-31 0.14313826512169653
-27 0.0
-38 0.28627653024339306
-19 0.0
-10 0.0
-14 0.0
-33 0.0
-31 0.0
-27 0.0
-38 0.28627653024339306
-33 0.0
-27 0.0
-38 0.28627653024339306
-26 0.0
-19 0.0
-14 0.0
-10 0.0
-33 0.0
-27 0.0
-34 0.28627653024339306
-19 0.0
-14 0.0
-10 0.0
-31 0.0
-27 0.0
-31 0.28627653024339306
-14 0.0
-10 0.0
-7 0.0
-33 0.0
-27 0.0
-29 0.28627653024339306
-17 0.0
-22 0.0
-14 0.0
-10 0.0
-5 0.0
2 0.0
-5 0.0
-2 0.0
-33 0.0
-27 0.0
-27 0.28627653024339306
-5 0.14313826512169653
-10 0.0
-14 0.0
-29 0.14313826512169653
-22 0.0
-17 0.0
-14 0.0
-10 0.0
-5 0.0
-31 0.0
-27 0.0
-34 0.28627653024339306
-14 0.0
-10 0.0
-5 0.0
-33 0.0
-31 0.0
-27 0.0
-29 0.28627653024339306
-33 0.0
-27 0.0
-29 0.28627653024339306
-29 0.0
-22 0.0
-17 0.0
-33 0.0
-27 0.0
-17 0.28627653024339306
-14 0.0
-10 0.0
-5 0.0
2 0.0
-5 0.0
-2 0.0
-31 0.0
-27 0.0
-34 0.28627653024339306
-30 0.0
-10 0.0
-5 0.0
-33 0.0
-27 0.0
-33 0.28627653024339306
-21 0.0
-14 0.0
-9 0.0
-5 0.0
-5 0.0
-2 0.0
-9 0.0
-33 0.0
-27 0.0
-9 0.28627653024339306
-5 0.0
-27 0.0
-5 0.14313826512169653
-14 0.14313826512169653
-9 0.0
-5 0.0
-31 0.0
-27 0.0
-38 0.28627653024339306
-21 0.0
-14 0.0
-9 0.0
-33 0.0
-31 0.0
-27 0.0
-33 0.28627653024339306
-33 0.0
-27 0.0
-33 0.28627653024339306
-21 0.0
-14 0.0
-33 0.0
-27 0.0
-38 0.28627653024339306
-5 0.0
-14 0.0
-9 0.0
-31 0.0
-27 0.0
-33 0.28627653024339306
-33 0.0
-27 0.0
-31 0.28627653024339306
-24 0.0
-31 0.0
-15 0.0
-12 0.0
-7 0.0
-3 0.0
0 0.0
-7 0.0
-33 0.0
-27 0.0
-12 0.28627653024339306
-7 0.0
-27 0.0
-7 0.14313826512169653
-19 0.14313826512169653
-31 0.0
-27 0.0
-36 0.28627653024339306
-12 0.0
-19 0.0
-7 0.0
-33 0.0
-31 0.0
-27 0.0
-31 0.28627653024339306
-33 0.0
-27 0.0
-31 0.28627653024339306
-19 0.0
-33 0.0
-27 0.0
-29 0.28627653024339306
-7 0.0
-31 0.0
-27 0.0
-31 0.28627653024339306
-7 0.0
-33 0.0
-27 0.0
-38 0.28627653024339306
-26 0.0
-19 0.0
-14 0.0
-10 0.0
-7 0.0
-31 0.0
-2 0.0
-7 0.0
2 0.0
-10 0.0
-7 0.0
-14 0.0
-33 0.0
-27 0.0
-12 0.0
-27 0.28627653024339306
-7 0.14313826512169653
-10 0.0
-31 0.14313826512169653
-27 0.0
-38 0.28627653024339306
-19 0.0
-10 0.0
-14 0.0
-33 0.0
-31 0.0
-27 0.0
-34 0.28627653024339306
-33 0.0
-27 0.0
-31 0.28627653024339306
-26 0.0
-19 0.0
-14 0.0
-10 0.0
-33 0.0
-27 0.0
-29 0.28627653024339306
-19 0.0
-14 0.0
-10 0.0
-31 0.0
-27 0.0
-31 0.28627653024339306
-14 0.0
-10 0.0
-7 0.0
-33 0.0
-27 0.0
-29 0.28627653024339306
-17 0.0
-22 0.0
-14 0.0
-10 0.0
-5 0.0
2 0.0
-2 0.0
-5 0.0
-10 0.0
-5 0.0
-14 0.0
-33 0.0
-27 0.0
-27 0.28627653024339306
-5 0.14313826512169653
-10 0.0
-14 0.0
-29 0.14313826512169653
-22 0.0
-17 0.0
-14 0.0
-10 0.0
-5 0.0
-31 0.0
-27 0.0
-34 0.28627653024339306
-14 0.0
-10 0.0
-5 0.0
-33 0.0
-31 0.0
-27 0.0
-29 0.28627653024339306
-33 0.0
-27 0.0
-29 0.28627653024339306
-29 0.0
-22 0.0
-17 0.0
-33 0.0
-27 0.0
-17 0.28627653024339306
-14 0.0
-10 0.0
-5 0.0
-5 0.0
2 0.0
-2 0.0
-31 0.0
-27 0.0
-34 0.28627653024339306
-30 0.0
-10 0.0
-5 0.0
-33 0.0
-27 0.0
-33 0.28627653024339306
-21 0.0
-14 0.0
-9 0.0
-5 0.0
-2 0.0
-5 0.0
-9 0.0
-9 0.0
-5 0.0
-14 0.0
-33 0.0
-27 0.0
-9 0.28627653024339306
-5 0.0
-27 0.0
-5 0.14313826512169653
-14 0.14313826512169653
-9 0.0
-5 0.0
-31 0.0
-27 0.0
-38 0.28627653024339306
-21 0.0
-14 0.0
-9 0.0
-33 0.0
-31 0.0
-27 0.0
-33 0.28627653024339306
-33 0.0
-27 0.0
-33 0.28627653024339306
-21 0.0
-14 0.0
-33 0.0
-27 0.0
-5 0.28627653024339306
-14 0.0
-9 0.0
-31 0.0
-27 0.0
-38 0.28627653024339306
-33 0.0
-27 0.0
-31 0.28627653024339306
-24 0.0
-31 0.0
-15 0.0
-12 0.0
-7 0.0
-3 0.0
-7 0.0
0 0.0
-7 0.0
-3 0.0
-12 0.0
-33 0.0
-27 0.0
-12 0.28627653024339306
-7 0.0
-27 0.0
-7 0.14313826512169653
-19 0.14313826512169653
-31 0.0
-27 0.0
-36 0.28627653024339306
-19 0.0
-3 0.0
-33 0.0
-31 0.0
-27 0.0
-31 0.28627653024339306
-33 0.0
-27 0.0
-31 0.28627653024339306
-19 0.0
-33 0.0
-27 0.0
-7 0.28627653024339306
-31 0.0
-27 0.0
-36 0.28627653024339306
-7 0.0
-33 0.0
-27 0.0
-38 0.28627653024339306
-19 0.0
-19 0.0
-14 0.0
-10 0.0
-31 0.0
-2 0.0
2 0.0
-7 0.0
-33 0.0
-27 0.0
-12 0.0
-14 0.009542551008113102
-10 0.04771275504056551
-27 0.22902122419471443
-7 0.14313826512169653
-10 0.0
-14 0.0
0 0.14313826512169653
-19 0.0
-14 0.0
-10 0.0
-7 0.0
-31 0.0
-27 0.0
-7 0.0
2 0.28627653024339306
-38 0.0
-14 0.0
-10 0.0
-7 0.0
-33 0.0
-31 0.0
-27 0.0
-7 0.0
2 0.28627653024339306
-38 0.0
-33 0.0
-27 0.0
-7 0.0
-38 0.28627653024339306
-19 0.0
-14 0.0
-33 0.0
-27 0.0
2 0.28627653024339306
-14 0.0
-10 0.0
-7 0.0
-31 0.0
-27 0.0
-7 0.0
3 0.28627653024339306
-38 0.0
-10 0.0
-14 0.0
-33 0.0
-27 0.0
-7 0.0
-38 0.28627653024339306
-19 0.0
-14 0.0
-10 0.0
-31 0.0
-33 0.0
-27 0.0
2 0.28627653024339306
-27 0.0
-7 0.0
-7 0.14313826512169653
-10 0.0
-14 0.0
0 0.14313826512169653
-19 0.0
-14 0.0
-10 0.0
-7 0.0
-31 0.0
-27 0.0
-7 0.0
2 0.28627653024339306
-38 0.0
-14 0.0
-10 0.0
-7 0.0
-33 0.0
-31 0.0
-27 0.0
-7 0.0
-38 0.28627653024339306
-33 0.0
-27 0.0
-38 0.28627653024339306
-19 0.0
-14 0.0
-33 0.0
-27 0.0
-34 0.28627653024339306
-14 0.0
-10 0.0
-7 0.0
-31 0.0
-27 0.0
0 0.14313826512169653
-2 0.14313826512169653
-31 0.0
-10 0.0
-14 0.0
-33 0.0
-27 0.0
-17 0.2719627037312234
-29 0.014313826512169652
-17 0.0
-22 0.0
-14 0.0
-10 0.0
-5 0.0
-2 0.0
-5 0.0
2 0.0
-33 0.0
-27 0.0
-14 0.04771275504056551
-10 0.033398928528395856
-27 0.2051648466744317
-5 0.14313826512169653
-10 0.0
-14 0.0
-5 0.14313826512169653
-29 0.0
-22 0.0
-17 0.0
-14 0.0
-10 0.0
-5 0.0
-31 0.0
-27 0.0
-7 0.0
-2 0.28627653024339306
-34 0.0
-14 0.0
-10 0.0
-5 0.0
-33 0.0
-31 0.0
-27 0.0
-7 0.0
-2 0.28627653024339306
-29 0.0
-33 0.0
-27 0.0
-7 0.0
-29 0.28627653024339306
-29 0.0
-22 0.0
-17 0.0
-33 0.0
-27 0.0
2 0.28627653024339306
-17 0.0
-14 0.0
-10 0.0
-5 0.0
-31 0.0
-27 0.0
-7 0.0
0 0.28627653024339306
-34 0.0
-30 0.0
-10 0.0
-5 0.0
-33 0.0
-27 0.0
-7 0.0
2 0.14313826512169653
0 0.14313826512169653
-29 0.0
-10 0.0
-5 0.0
-14 0.0
-33 0.0
-27 0.0
-7 0.14313826512169653
-2 0.14313826512169653
-29 0.0
-10 0.0
-5 0.0
-27 0.0
-5 0.14313826512169653
-10 0.0
-10 0.14313826512169653
-5 0.0
-31 0.0
-27 0.0
-34 0.28627653024339306
-17 0.0
-10 0.0
-5 0.0
-33 0.0
-31 0.0
-27 0.0
-29 0.28627653024339306
-33 0.0
-27 0.0
-29 0.28627653024339306
-17 0.0
-22 0.0
-33 0.0
-27 0.0
-34 0.28627653024339306
-10 0.0
-5 0.0
-31 0.0
-27 0.0
-29 0.28627653024339306
-10 0.0
-33 0.0
-27 0.0
-33 0.28627653024339306
-17 0.0
-21 0.0
-14 0.0
-9 0.0
-5 0.0
-2 0.0
-5 0.0
3 0.0
-33 0.0
-27 0.0
-12 0.0
-14 0.023856377520282756
-9 0.033398928528395856
7 0.22902122419471443
-9 0.0
-5 0.0
-27 0.0
-7 0.0
-5 0.14313826512169653
7 0.14313826512169653
-14 0.0
-9 0.0
-5 0.0
-31 0.0
-27 0.0
-7 0.0
7 0.28627653024339306
-33 0.0
-21 0.0
-14 0.0
-9 0.0
-33 0.0
-31 0.0
-27 0.0
-7 0.0
7 0.28627653024339306
-33 0.0
-33 0.0
-27 0.0
-7 0.0
-21 0.28627653024339306
-14 0.0
-33 0.0
-27 0.0
7 0.28627653024339306
-5 0.0
-14 0.0
-9 0.0
-31 0.0
-27 0.0
-7 0.0
7 0.28627653024339306
-38 0.0
-33 0.0
-27 0.0
-7 0.0
8 0.28627653024339306
-33 0.0
-21 0.0
-14 0.0
-9 0.0
-5 0.0
-33 0.0
-27 0.0
7 0.28627653024339306
-9 0.0
-5 0.0
-27 0.0
-7 0.0
-5 0.14313826512169653
5 0.14313826512169653
-14 0.0
-9 0.0
-5 0.0
-31 0.0
-27 0.0
-7 0.0
3 0.28627653024339306
-38 0.0
-21 0.0
-14 0.0
-9 0.0
-33 0.0
-31 0.0
-27 0.0
5 0.28627653024339306
-33 0.0
-33 0.0
-27 0.0
-7 0.0
7 0.28627653024339306
-33 0.0
-21 0.0
-14 0.0
-33 0.0
-27 0.0
-5 0.28627653024339306
-14 0.0
-9 0.0
-31 0.0
-27 0.0
5 0.14313826512169653
3 0.14313826512169653
-38 0.0
-33 0.0
-27 0.0
-33 0.28627653024339306
-5 0.0
-9 0.0
-2 0.0
-5 0.0
3 0.0
-33 0.0
-27 0.0
-5 0.28627653024339306
-27 0.0
-5 0.14313826512169653
-9 0.14313826512169653
-5 0.0
-14 0.0
-31 0.0
-27 0.0
-38 0.28627653024339306
-14 0.0
-9 0.0
-17 0.0
-14 0.0
-9 0.0
-5 0.0
-33 0.0
-31 0.0
-27 0.0
-33 0.28627653024339306
-33 0.0
-27 0.0
7 0.28627653024339306
-21 0.0
-33 0.0
-27 0.0
-7 0.0
7 0.28627653024339306
-9 0.0
-5 0.0
-14 0.0
-31 0.0
-27 0.0
-7 0.0
-14 0.009542551008113102
-38 0.27673397923528
-14 0.0
-33 0.0
-27 0.0
-14 0.2624201527231103
-9 0.0
8 0.023856377520282756
-33 0.0
-14 0.0
-9 0.0
-5 0.0
-33 0.0
-27 0.0
-7 0.0
-9 0.28627653024339306
-5 0.0
-27 0.0
-5 0.14313826512169653
7 0.14313826512169653
-14 0.0
-9 0.0
-31 0.0
-27 0.0
-7 0.0
7 0.28627653024339306
-38 0.0
-14 0.0
-9 0.0
-5 0.0
-33 0.0
-31 0.0
-27 0.0
-7 0.0
5 0.28627653024339306
-33 0.0
-33 0.0
-27 0.0
-7 0.0
-33 0.28627653024339306
-21 0.0
-14 0.0
-33 0.0
-27 0.0
3 0.28627653024339306
-38 0.0
-14 0.0
-9 0.0
-5 0.0
-31 0.0
-27 0.0
-7 0.0
3 0.28627653024339306
-33 0.0
-9 0.0
-33 0.0
-27 0.0
-7 0.0
-38 0.28627653024339306
-26 0.0
-19 0.0
-14 0.0
-10 0.0
2 0.0
-2 0.0
-7 0.0
-33 0.0
-27 0.0
-12 0.0
2 0.28627653024339306
-27 0.0
-7 0.0
-7 0.14313826512169653
-10 0.0
-14 0.14313826512169653
-31 0.0
-27 0.0
-38 0.28627653024339306
-14 0.0
-10 0.0
-33 0.0
-31 0.0
-27 0.0
-38 0.28627653024339306
-33 0.0
-27 0.0
-38 0.28627653024339306
-14 0.0
-10 0.0
-33 0.0
-27 0.0
-34 0.28627653024339306
-14 0.0
-10 0.0
-7 0.0
-31 0.0
-27 0.0
-31 0.28627653024339306
-14 0.0
-10 0.0
-33 0.0
-27 0.0
-29 0.28627653024339306
-22 0.0
-17 0.0
-10 0.0
-30 0.0
-5 0.0
-14 0.0
-29 0.0
-33 0.0
-27 0.0
-10 0.28627653024339306
-5 0.0
-27 0.0
-5 0.14313826512169653
-10 0.0
-2 0.14313826512169653
-14 0.0
-31 0.0
-27 0.0
-7 0.0
-2 0.28627653024339306
-34 0.0
-17 0.0
-14 0.0
-10 0.0
-5 0.0
-33 0.0
-31 0.0
-27 0.0
-7 0.0
0 0.28627653024339306
-29 0.0
-33 0.0
-27 0.0
-7 0.0
2 0.28627653024339306
-29 0.0
-22 0.0
-14 0.0
-10 0.0
-5 0.0
-33 0.0
-27 0.0
-7 0.0
-2 0.28627653024339306
-10 0.0
-5 0.0
-2 0.0
2 0.0
-31 0.0
-27 0.0
-7 0.0
-29 0.14313826512169653
-2 0.14313826512169653
-34 0.0
-10 0.0
-5 0.0
-33 0.0
-27 0.0
-7 0.0
-33 0.28627653024339306
-21 0.0
-9 0.0
-14 0.0
-5 0.0
-2 0.0
-5 0.0
3 0.0
-33 0.0
-27 0.0
-3 0.28627653024339306
-5 0.0
-27 0.0
-5 0.14313826512169653
-5 0.0
-9 0.0
-9 0.14313826512169653
-14 0.0
-31 0.0
-27 0.0
-38 0.28627653024339306
-14 0.0
-9 0.0
-5 0.0
-33 0.0
-31 0.0
-27 0.0
-33 0.28627653024339306
-33 0.0
-27 0.0
-33 0.28627653024339306
-21 0.0
-33 0.0
-27 0.0
-38 0.28627653024339306
-21 0.0
-14 0.0
-9 0.0
-5 0.0
-31 0.0
-27 0.0
-33 0.28627653024339306
-9 0.0
-33 0.0
-27 0.0
-31 0.28627653024339306
-24 0.0
-12 0.0
-7 0.0
0 0.0
-3 0.0
-7 0.0
-33 0.0
-27 0.0
-7 0.28627653024339306
-27 0.0
-7 0.14313826512169653
0 0.1288244386095269
-3 0.014313826512169652
-15 0.0
-31 0.0
-27 0.0
-7 0.0
2 0.2624201527231103
-2 0.023856377520282756
-36 0.0
-12 0.0
-7 0.0
-33 0.0
-31 0.0
-27 0.0
-7 0.0
3 0.26719142822716685
0 0.019085102016226204
-31 0.0
-33 0.0
-27 0.0
-7 0.0
-31 0.28627653024339306
-33 0.0
-27 0.0
3 0.27673397923528
0 0.009542551008113102
-29 0.0
-15 0.0
-12 0.0
-7 0.0
-31 0.0
-27 0.0
-7 0.0
0 0.28627653024339306
-31 0.0
-33 0.0
-27 0.0
-7 0.0
3 0.009542551008113102
-38 0.27673397923528
-10 0.0
-19 0.0
-14 0.0
-2 0.0
2 0.0
-7 0.0
-33 0.0
-27 0.0
2 0.27673397923528
-2 0.009542551008113102
-7 0.0
-27 0.0
-7 0.0
-7 0.14313826512169653
-31 0.14313826512169653
-27 0.0
-38 0.28627653024339306
-14 0.0
-10 0.0
-7 0.0
-33 0.0
-31 0.0
-27 0.0
-38 0.28627653024339306
-33 0.0
-27 0.0
-38 0.28627653024339306
-26 0.0
-19 0.0
-14 0.0
-33 0.0
-27 0.0
-34 0.28627653024339306
-14 0.0
-10 0.0
-7 0.0
-10 0.0
-7 0.0
-14 0.0
-31 0.0
-27 0.0
-31 0.28627653024339306
-33 0.0
-27 0.0
-29 0.28627653024339306
-22 0.0
-17 0.0
-14 0.0
-10 0.0
-5 0.0
2 0.0
-5 0.0
-2 0.0
-10 0.0
-5 0.0
-33 0.0
-27 0.0
2 0.28627653024339306
-27 0.0
-7 0.0
-5 0.14313826512169653
-10 0.0
2 0.14313826512169653
-5 0.0
-14 0.0
-31 0.0
-27 0.0
-7 0.0
3 0.28627653024339306
-34 0.0
-17 0.0
-14 0.0
-10 0.0
-5 0.0
-33 0.0
-31 0.0
-27 0.0
-7 0.0
2 0.28627653024339306
-29 0.0
-33 0.0
-27 0.0
-7 0.0
0 0.28627653024339306
-29 0.0
-22 0.0
-17 0.0
-14 0.0
-33 0.0
-27 0.0
-7 0.0
0 0.28627653024339306
-10 0.0
-5 0.0
-31 0.0
-27 0.0
-7 0.0
-2 0.28627653024339306
-34 0.0
-5 0.0
-33 0.0
-27 0.0
-7 0.0
-2 0.28627653024339306
-33 0.0
-21 0.0
-14 0.0
-5 0.0
-2 0.0
-9 0.0
-5 0.0
-9 0.0
-14 0.0
-33 0.0
-27 0.0
-7 0.0
-5 0.009542551008113102
-9 0.0
-27 0.27673397923528
-5 0.1288244386095269
-9 0.03817020403245241
-9 0.08111168356896137
-5 0.014313826512169652
-14 0.009542551008113102
-31 0.014313826512169652
-27 0.0
-14 0.2624201527231103
-9 0.009542551008113102
-5 0.0
0 0.014313826512169652
-38 0.0
-33 0.0
-31 0.0
-27 0.0
-2 0.14313826512169653
-3 0.14313826512169653
-33 0.0
-33 0.0
-27 0.0
-21 0.24810632621094064
-14 0.014313826512169652
-5 0.023856377520282756
-33 0.0
-33 0.0
-27 0.0
-9 0.2719627037312234
-5 0.014313826512169652
-31 0.0
-27 0.0
-14 0.009542551008113102
-38 0.27673397923528
-33 0.0
-27 0.0
-31 0.2624201527231103
-24 0.0
-31 0.023856377520282756
-3 0.0
0 0.0
-3 0.0
-7 0.0
-12 0.0
-33 0.0
-27 0.0
-12 0.0
-19 0.023856377520282756
-15 0.04771275504056551
-12 0.023856377520282756
-7 0.033398928528395856
5 0.014313826512169652
-27 0.14313826512169653
-3 0.28627653024339306
-31 0.0
-27 0.0
-7 0.0
-2 0.28627653024339306
-33 0.0
-31 0.0
-27 0.0
-7 0.0
0 0.28627653024339306
-33 0.0
-27 0.0
-7 0.0
-33 0.28627653024339306
-27 0.0
0 0.28627653024339306
-31 0.0
-27 0.0
-7 0.0
0 0.28627653024339306
-33 0.0
-27 0.0
-7 0.0
2 0.14313826512169653
0 0.14313826512169653
-38 0.0
-26 0.0
-19 0.0
-14 0.0
-2 0.0
2 0.0
-7 0.0
-33 0.0
-27 0.0
-12 0.0
-7 0.009542551008113102
-10 0.0
-2 0.27673397923528
-27 0.0
-7 0.0
-7 0.11928188760141377
-10 0.023856377520282756
-14 0.1288244386095269
-31 0.014313826512169652
-27 0.0
-14 0.2624201527231103
-10 0.009542551008113102
-38 0.014313826512169652
-33 0.0
-31 0.0
-27 0.0
-19 0.009542551008113102
-38 0.27673397923528
-33 0.0
-27 0.0
-26 0.2719627037312234
-19 0.0
-38 0.014313826512169652
-14 0.0
-33 0.0
-27 0.0
-14 0.009542551008113102
-14 0.2624201527231103
-34 0.014313826512169652
-19 0.0
-10 0.0
-31 0.0
-27 0.0
-7 0.009542551008113102
-31 0.27673397923528
-33 0.0
-27 0.0
-29 0.28627653024339306
-17 0.0
-14 0.0
-10 0.0
-5 0.0
-2 0.0
2 0.0
-33 0.0
-27 0.0
-22 0.009542551008113102
-5 0.0
-17 0.014313826512169652
-27 0.2624201527231103
-5 0.10496806108924413
-10 0.014313826512169652
-31 0.16699464264197927
-27 0.0
-10 0.2719627037312234
-34 0.014313826512169652
-33 0.0
-31 0.0
-27 0.0
-29 0.28627653024339306
-33 0.0
-27 0.0
-29 0.2624201527231103
-23 0.009542551008113102
-29 0.014313826512169652
-33 0.0
-27 0.0
-22 0.04771275504056551
-14 0.2242499486906579
-10 0.014313826512169652
-5 0.0
2 0.0
-2 0.0
-5 0.0
-31 0.0
-27 0.0
-34 0.28627653024339306
-33 0.0
-27 0.0
-14 0.2719627037312234
-33 0.014313826512169652
-9 0.0
-5 0.0
-5 0.0
-2 0.0
-9 0.0
-33 0.0
-27 0.0
-27 0.28627653024339306
-5 0.10496806108924413
-9 0.023856377520282756
-9 0.13359571411358342
-5 0.0
-9 0.023856377520282756
-31 0.0
-27 0.0
-9 0.2719627037312234
-38 0.014313826512169652
-5 0.0
-33 0.0
-31 0.0
-27 0.0
-14 0.009542551008113102
-33 0.27673397923528
-33 0.0
-27 0.0
-14 0.2719627037312234
-33 0.014313826512169652
-33 0.0
-27 0.0
-9 0.009542551008113102
-21 0.2624201527231103
-14 0.014313826512169652
-9 0.0
-5 0.0
-31 0.0
-27 0.0
-14 0.009542551008113102
-38 0.27673397923528
-33 0.0
-27 0.0
-31 0.28627653024339306
-15 0.0
-12 0.0
-24 0.0
-15 0.0
-3 0.0
-7 0.0
0 0.0
-33 0.0
-27 0.0
-19 0.009542551008113102
-12 0.0
-7 0.0
-19 0.0
-7 0.27673397923528
-27 0.0
-7 0.1288244386095269
-12 0.023856377520282756
-12 0.11928188760141377
-7 0.014313826512169652
-31 0.0
-27 0.0
-19 0.2719627037312234
-15 0.0
-36 0.014313826512169652
-33 0.0
-31 0.0
-27 0.0
-9 0.2719627037312234
-31 0.014313826512169652
-33 0.0
-27 0.0
-19 0.2719627037312234
-31 0.014313826512169652
-12 0.0
-15 0.0
-33 0.0
-27 0.0
-15 0.2719627037312234
-12 0.014313826512169652
-7 0.0
-31 0.0
-27 0.0
-36 0.28627653024339306
-35 0.0
-33 0.0
-27 0.0
-12 0.009542551008113102
-38 0.27673397923528
-19 0.0
-14 0.0
-10 0.0
-31 0.0
-2 0.0
2 0.0
-7 0.0
-33 0.0
-27 0.0
-12 0.0
-27 0.28627653024339306
-7 0.14313826512169653
-10 0.0
-14 0.0
0 0.14313826512169653
-19 0.0
-14 0.0
-10 0.0
-7 0.0
-31 0.0
-27 0.0
-7 0.0
2 0.28627653024339306
-38 0.0
-14 0.0
-10 0.0
-7 0.0
-33 0.0
-31 0.0
-27 0.0
-7 0.0
2 0.28627653024339306
-38 0.0
-33 0.0
-27 0.0
-7 0.0
-38 0.28627653024339306
-19 0.0
-14 0.0
-33 0.0
-27 0.0
2 0.28627653024339306
-34 0.0
-14 0.0
-10 0.0
-7 0.0
-31 0.0
-27 0.0
-7 0.0
3 0.28627653024339306
-31 0.0
-10 0.0
-14 0.0
-33 0.0
-27 0.0
-7 0.0
-38 0.28627653024339306
-19 0.0
-14 0.0
-10 0.0
-31 0.0
-33 0.0
-27 0.0
2 0.28627653024339306
-27 0.0
-7 0.0
-7 0.14313826512169653
-10 0.0
-14 0.0
0 0.14313826512169653
-19 0.0
-14 0.0
-10 0.0
-7 0.0
-31 0.0
-27 0.0
-7 0.0
2 0.28627653024339306
-38 0.0
-14 0.0
-10 0.0
-7 0.0
-33 0.0
-31 0.0
-27 0.0
-7 0.0
-38 0.28627653024339306
-33 0.0
-27 0.0
0 0.28627653024339306
-38 0.0
-19 0.0
-14 0.0
-33 0.0
-27 0.0
-2 0.14313826512169653
-34 0.14313826512169653
-14 0.0
-10 0.0
-7 0.0
-31 0.0
-27 0.0
-31 0.28627653024339306
-10 0.0
-14 0.0
-33 0.0
-27 0.0
-29 0.28627653024339306
-17 0.0
-22 0.0
-14 0.0
-10 0.0
-5 0.0
-33 0.0
-27 0.0
-27 0.28627653024339306
-5 0.14313826512169653
-10 0.0
-14 0.0
-5 0.14313826512169653
-29 0.0
-22 0.0
-17 0.0
-14 0.0
-10 0.0
-5 0.0
-31 0.0
-27 0.0
-7 0.0
-2 0.28627653024339306
-34 0.0
-14 0.0
-10 0.0
-5 0.0
-33 0.0
-31 0.0
-27 0.0
-7 0.0
-2 0.28627653024339306
-29 0.0
-33 0.0
-27 0.0
-7 0.0
-29 0.28627653024339306
-29 0.0
-22 0.0
-17 0.0
-33 0.0
-27 0.0
2 0.28627653024339306
-17 0.0
-14 0.0
-10 0.0
-5 0.0
-31 0.0
-27 0.0
-7 0.0
0 0.28627653024339306
-34 0.0
-30 0.0
-10 0.0
-5 0.0
-33 0.0
-27 0.0
-7 0.0
2 0.14313826512169653
0 0.14313826512169653
-29 0.0
-10 0.0
-5 0.0
-14 0.0
-33 0.0
-27 0.0
-2 0.28627653024339306
-10 0.0
-5 0.0
-27 0.0
-7 0.0
-5 0.14313826512169653
-10 0.0
-10 0.14313826512169653
-5 0.0
-31 0.0
-27 0.0
-34 0.28627653024339306
-17 0.0
-10 0.0
-5 0.0
2 0.0
14 0.0
5 0.0
-33 0.0
-31 0.0
-27 0.0
-29 0.28627653024339306
14 0.0
5 0.0
2 0.0
-33 0.0
-27 0.0
-29 0.28627653024339306
-17 0.0
-22 0.0
-33 0.0
-27 0.0
3 0.14313826512169653
12 0.0
0 0.0
-31 0.14313826512169653
-10 0.0
-5 0.0
-31 0.0
-27 0.0
-10 0.28627653024339306
2 0.0
10 0.0
-2 0.0
-33 0.0
-27 0.0
-33 0.28627653024339306
-21 0.0
-14 0.0
-9 0.0
-5 0.0
-5 0.0
-2 0.0
-33 0.0
-27 0.0
-12 0.0
-9 0.28627653024339306
-5 0.0
-27 0.0
-5 0.14313826512169653
7 0.14313826512169653
-14 0.0
-9 0.0
-5 0.0
-31 0.0
-27 0.0
-7 0.0
7 0.28627653024339306
-38 0.0
-21 0.0
-14 0.0
-9 0.0
-33 0.0
-31 0.0
-27 0.0
-7 0.0
7 0.28627653024339306
-33 0.0
-33 0.0
-27 0.0
-7 0.0
-33 0.28627653024339306
-21 0.0
-14 0.0
-33 0.0
-27 0.0
7 0.28627653024339306
-5 0.0
-14 0.0
-9 0.0
-31 0.0
-27 0.0
-7 0.0
8 0.28627653024339306
-38 0.0
-33 0.0
-27 0.0
-7 0.0
-33 0.28627653024339306
-21 0.0
-14 0.0
-9 0.0
-5 0.0
-33 0.0
-27 0.0
7 0.28627653024339306
-9 0.0
-5 0.0
-27 0.0
-7 0.0
-5 0.14313826512169653
5 0.14313826512169653
-14 0.0
-9 0.0
-5 0.0
-31 0.0
-27 0.0
-7 0.0
3 0.28627653024339306
-38 0.0
-21 0.0
-14 0.0
-9 0.0
-33 0.0
-31 0.0
-27 0.0
5 0.28627653024339306
-33 0.0
-33 0.0
-27 0.0
-7 0.0
7 0.28627653024339306
-33 0.0
-21 0.0
-14 0.0
10 0.0
-2 0.0
3 0.0
-33 0.0
-27 0.0
-29 0.28627653024339306
-5 0.0
-14 0.0
-9 0.0
-2 0.0
7 0.0
-31 0.0
-27 0.0
5 0.14313826512169653
3 0.14313826512169653
-38 0.0
-2 0.0
3 0.0
-33 0.0
-27 0.0
7 0.14313826512169653
-33 0.14313826512169653
-5 0.0
-9 0.0
5 0.0
-2 0.0
-33 0.0
-27 0.0
7 0.09542551008113102
5 0.09542551008113102
-5 0.09542551008113102
3 0.0
-27 0.0
-5 0.14313826512169653
-9 0.14313826512169653
-5 0.0
-14 0.0
-31 0.0
-27 0.0
-38 0.28627653024339306
-14 0.0
-9 0.0
-5 0.0
-33 0.0
-31 0.0
-27 0.0
-2 0.28627653024339306
-33 0.0
-33 0.0
-27 0.0
-7 0.0
3 0.28627653024339306
-33 0.0
-21 0.0
-33 0.0
-27 0.0
-7 0.0
5 0.28627653024339306
-9 0.0
-5 0.0
-14 0.0
3 0.0
-2 0.0
-31 0.0
-27 0.0
-7 0.0
7 0.28627653024339306
-38 0.0
-14 0.0
-33 0.0
-27 0.0
-7 0.0
8 0.28627653024339306
-33 0.0
-14 0.0
-9 0.0
-5 0.0
-33 0.0
-27 0.0
-7 0.0
-9 0.28627653024339306
-5 0.0
-27 0.0
-5 0.14313826512169653
7 0.14313826512169653
-14 0.0
-9 0.0
-31 0.0
-27 0.0
-7 0.0
-38 0.28627653024339306
-14 0.0
-9 0.0
-5 0.0
-33 0.0
-31 0.0
-27 0.0
5 0.28627653024339306
-33 0.0
-33 0.0
-27 0.0
-7 0.0
-33 0.28627653024339306
-21 0.0
-14 0.0
-33 0.0
-27 0.0
3 0.28627653024339306
-29 0.0
-14 0.0
-9 0.0
-5 0.0
-31 0.0
-27 0.0
-7 0.0
3 0.28627653024339306
-33 0.0
-9 0.0
-33 0.0
-27 0.0
-7 0.0
-38 0.28627653024339306
-26 0.0
-19 0.0
-14 0.0
-10 0.0
-2 0.0
5 0.0
-7 0.0
-33 0.0
-27 0.0
2 0.28627653024339306
-2 0.0
-7 0.0
-27 0.0
-7 0.0
-7 0.14313826512169653
-10 0.0
-14 0.14313826512169653
-31 0.0
-27 0.0
-38 0.28627653024339306
-14 0.0
-10 0.0
2 0.0
-2 0.0
-7 0.0
-33 0.0
-31 0.0
-27 0.0
-38 0.28627653024339306
2 0.0
-2 0.0
-7 0.0
-33 0.0
-27 0.0
-14 0.28627653024339306
-10 0.0
-33 0.0
-27 0.0
-34 0.28627653024339306
-14 0.0
-10 0.0
-7 0.0
-31 0.0
-27 0.0
-31 0.28627653024339306
-14 0.0
-10 0.0
0 0.0
-7 0.0
-33 0.0
-27 0.0
-29 0.28627653024339306
-22 0.0
-17 0.0
-10 0.0
-30 0.0
-5 0.0
-14 0.0
-29 0.0
-2 0.0
-7 0.0
-33 0.0
-27 0.0
-2 0.28627653024339306
-10 0.0
-5 0.0
2 0.0
-7 0.0
-27 0.0
-7 0.0
-5 0.14313826512169653
-10 0.0
-2 0.14313826512169653
-14 0.0
-31 0.0
-27 0.0
-7 0.0
-2 0.28627653024339306
-34 0.0
-17 0.0
-14 0.0
-10 0.0
-5 0.0
-5 0.0
-2 0.0
2 0.0
-33 0.0
-31 0.0
-27 0.0
-7 0.0
0 0.28627653024339306
-29 0.0
2 0.0
-2 0.0
-5 0.0
-33 0.0
-27 0.0
-7 0.0
2 0.28627653024339306
-29 0.0
-22 0.0
-14 0.0
-10 0.0
-5 0.0
-33 0.0
-27 0.0
-7 0.0
-2 0.28627653024339306
-10 0.0
-5 0.0
-31 0.0
-27 0.0
-7 0.0
-29 0.14313826512169653
-2 0.14313826512169653
-34 0.0
-10 0.0
-5 0.0
-33 0.0
-27 0.0
-7 0.0
-33 0.28627653024339306
-21 0.0
-9 0.0
-14 0.0
-5 0.0
-5 0.0
3 0.0
-33 0.0
-27 0.0
-3 0.28627653024339306
-5 0.0
-2 0.0
-5 0.0
-27 0.0
-5 0.14313826512169653
-5 0.0
-9 0.0
-9 0.14313826512169653
-14 0.0
-31 0.0
-27 0.0
-38 0.28627653024339306
-14 0.0
-9 0.0
-5 0.0
-5 0.0
-2 0.0
-9 0.0
-33 0.0
-31 0.0
-27 0.0
-33 0.28627653024339306
-2 0.0
-5 0.0
-9 0.0
-33 0.0
-27 0.0
-33 0.28627653024339306
-21 0.0
-33 0.0
-27 0.0
-21 0.28627653024339306
-14 0.0
-9 0.0
-5 0.0
-31 0.0
-27 0.0
-38 0.28627653024339306
-9 0.0
-33 0.0
-27 0.0
-31 0.28627653024339306
-24 0.0
-12 0.0
-7 0.0
-3 0.0
-7 0.0
0 0.0
-33 0.0
-27 0.0
-7 0.28627653024339306
0 0.0
-3 0.0
-7 0.0
-27 0.0
-7 0.14313826512169653
0 0.1288244386095269
-3 0.014313826512169652
-15 0.0
-31 0.0
-27 0.0
-7 0.0
2 0.2624201527231103
-2 0.023856377520282756
-36 0.0
-12 0.0
-7 0.0
-3 0.0
5 0.0
-7 0.0
0 0.0
-33 0.0
-31 0.0
-27 0.0
-7 0.0
3 0.26719142822716685
0 0.019085102016226204
-31 0.0
-3 0.0
5 0.0
-7 0.0
-33 0.0
-27 0.0
-7 0.0
-31 0.28627653024339306
-33 0.0
-27 0.0
3 0.27673397923528
0 0.009542551008113102
-29 0.0
-15 0.0
-12 0.0
-7 0.0
0 0.0
-7 0.0
-31 0.0
-27 0.0
-7 0.0
0 0.28627653024339306
-31 0.0
-33 0.0
-27 0.0
-7 0.0
3 0.009542551008113102
-38 0.27673397923528
-10 0.0
-19 0.0
-14 0.0
-2 0.0
-7 0.0
-33 0.0
-27 0.0
2 0.27673397923528
-2 0.009542551008113102
-7 0.0
0 0.0
-7 0.0
-27 0.0
-7 0.0
-7 0.14313826512169653
-31 0.14313826512169653
-27 0.0
-38 0.28627653024339306
-14 0.0
-10 0.0
-7 0.0
-2 0.0
2 0.0
-7 0.0
-33 0.0
-31 0.0
-27 0.0
-38 0.28627653024339306
2 0.0
-2 0.0
-7 0.0
-33 0.0
-27 0.0
-38 0.28627653024339306
-26 0.0
-19 0.0
-14 0.0
-33 0.0
-27 0.0
-34 0.28627653024339306
-14 0.0
-10 0.0
-7 0.0
-10 0.0
-7 0.0
-14 0.0
-31 0.0
-27 0.0
-31 0.28627653024339306
-33 0.0
-27 0.0
-29 0.28627653024339306
-22 0.0
-17 0.0
-14 0.0
-10 0.0
-5 0.0
-5 0.0
-2 0.0
-10 0.0
-5 0.0
-14 0.0
-33 0.0
-27 0.0
2 0.28627653024339306
-2 0.0
2 0.0
-5 0.0
-27 0.0
-7 0.0
-5 0.14313826512169653
-10 0.0
2 0.14313826512169653
-5 0.0
-14 0.0
-31 0.0
-27 0.0
-7 0.0
3 0.28627653024339306
-34 0.0
-17 0.0
-14 0.0
-10 0.0
-5 0.0
-5 0.0
-2 0.0
-33 0.0
-31 0.0
-27 0.0
-7 0.0
2 0.28627653024339306
-29 0.0
2 0.0
-2 0.0
-5 0.0
-33 0.0
-27 0.0
-7 0.0
0 0.28627653024339306
-29 0.0
-22 0.0
-17 0.0
-14 0.0
-33 0.0
-27 0.0
-7 0.0
0 0.28627653024339306
-10 0.0
-5 0.0
-31 0.0
-27 0.0
-7 0.0
-2 0.28627653024339306
-34 0.0
-5 0.0
-33 0.0
-27 0.0
-7 0.0
-2 0.28627653024339306
-33 0.0
-21 0.0
-14 0.0
-5 0.0
-2 0.0
3 0.0
-5 0.0
-9 0.0
-14 0.0
-33 0.0
-27 0.0
-7 0.0
-5 0.009542551008113102
-9 0.0
-2 0.27673397923528
-5 0.0
3 0.0
-27 0.0
-5 0.1288244386095269
-9 0.03817020403245241
-9 0.08111168356896137
-5 0.014313826512169652
-14 0.009542551008113102
-31 0.014313826512169652
-27 0.0
-14 0.2624201527231103
-9 0.009542551008113102
-5 0.0
-38 0.014313826512169652
-5 0.0
-9 0.0
-2 0.0
-33 0.0
-31 0.0
-27 0.0
0 0.014313826512169652
-2 0.1288244386095269
-3 0.14313826512169653
-33 0.0
-5 0.0
3 0.0
-2 0.0
-33 0.0
-27 0.0
-21 0.24810632621094064
-14 0.014313826512169652
-5 0.023856377520282756
-33 0.0
-33 0.0
-27 0.0
-9 0.2719627037312234
-5 0.014313826512169652
-31 0.0
-27 0.0
-14 0.009542551008113102
-38 0.27673397923528
-33 0.0
-27 0.0
-31 0.2624201527231103
-31 0.023856377520282756
-3 0.0
0 0.0
-7 0.0
5 0.0
-3 0.0
-12 0.0
-7 0.0
-33 0.0
-27 0.0
-12 0.0
-24 0.023856377520282756
-19 0.04771275504056551
-15 0.04771275504056551
-12 0.023856377520282756
-7 0.033398928528395856
-27 0.10973933659330068
-31 0.28627653024339306
-27 0.0
-2 0.28627653024339306
-33 0.0
-31 0.0
-27 0.0
-7 0.0
0 0.28627653024339306
-33 0.0
-27 0.0
-7 0.0
-33 0.28627653024339306
-27 0.0
0 0.28627653024339306
-31 0.0
-27 0.0
-7 0.0
0 0.28627653024339306
-33 0.0
-27 0.0
-7 0.0
2 0.14313826512169653
0 0.14313826512169653
-38 0.0
-19 0.0
-14 0.0
-10 0.0
-31 0.0
-2 0.0
-7 0.0
-33 0.0
-27 0.0
-12 0.0
-2 0.28627653024339306
-27 0.0
-7 0.0
-7 0.14313826512169653
-10 0.0
-14 0.0
-19 0.14313826512169653
-14 0.0
-10 0.0
-7 0.0
-31 0.0
-27 0.0
-38 0.28627653024339306
-14 0.0
-10 0.0
-7 0.0
-10 0.0
-14 0.0
2 0.0
-33 0.0
-31 0.0
-27 0.0
-38 0.28627653024339306
-10 0.0
-14 0.0
2 0.0
-33 0.0
-27 0.0
-38 0.28627653024339306
-19 0.0
-14 0.0
-33 0.0
-27 0.0
-34 0.28627653024339306
-14 0.0
-10 0.0
-7 0.0
2 0.0
-10 0.0
-14 0.0
-31 0.0
-27 0.0
-31 0.28627653024339306
-10 0.0
-14 0.0
0 0.0
-15 0.0
-12 0.0
-33 0.0
-27 0.0
-38 0.28627653024339306
-19 0.0
-14 0.0
-10 0.0
-31 0.0
-33 0.0
-27 0.0
2 0.28627653024339306
5 0.0
2 0.0
-14 0.0
-10 0.0
-27 0.0
-7 0.14313826512169653
-10 0.0
-14 0.0
14 0.0
-19 0.14313826512169653
-14 0.0
-10 0.0
-7 0.0
-31 0.0
-27 0.0
-38 0.28627653024339306
-14 0.0
-10 0.0
-7 0.0
5 0.0
14 0.0
2 0.0
-33 0.0
-31 0.0
-27 0.0
-38 0.28627653024339306
14 0.0
5 0.0
2 0.0
-33 0.0
-27 0.0
-38 0.28627653024339306
-19 0.0
-14 0.0
-33 0.0
-27 0.0
12 0.14313826512169653
3 0.0
0 0.0
-34 0.14313826512169653
-14 0.0
-10 0.0
-7 0.0
-31 0.0
-27 0.0
-31 0.28627653024339306
-10 0.0
-14 0.0
10 0.0
-2 0.0
2 0.0
-33 0.0
-27 0.0
-29 0.28627653024339306
-17 0.0
-22 0.0
-14 0.0
-10 0.0
-5 0.0
7 0.0
-5 0.0
-2 0.0
-33 0.0
-27 0.0
-12 0.0
-27 0.28627653024339306
-5 0.14313826512169653
-10 0.0
-14 0.0
-29 0.14313826512169653
-22 0.0
-17 0.0
-14 0.0
-10 0.0
-5 0.0
-31 0.0
-27 0.0
-34 0.28627653024339306
-14 0.0
-10 0.0
-5 0.0
2 0.0
-10 0.0
-14 0.0
-33 0.0
-31 0.0
-27 0.0
-29 0.28627653024339306
-10 0.0
2 0.0
-14 0.0
-33 0.0
-27 0.0
-29 0.28627653024339306
-29 0.0
-22 0.0
-17 0.0
-33 0.0
-27 0.0
-17 0.28627653024339306
-14 0.0
-10 0.0
-5 0.0
-10 0.0
-14 0.0
2 0.0
-31 0.0
-27 0.0
-34 0.28627653024339306
-30 0.0
-10 0.0
-5 0.0
0 0.0
-15 0.0
-12 0.0
-33 0.0
-27 0.0
-29 0.28627653024339306
-10 0.0
-5 0.0
-14 0.0
-33 0.0
-27 0.0
-10 0.28627653024339306
-5 0.0
-10 0.0
2 0.0
-14 0.0
-27 0.0
-5 0.14313826512169653
-10 0.0
-10 0.14313826512169653
-5 0.0
-31 0.0
-27 0.0
-34 0.28627653024339306
-17 0.0
-10 0.0
-5 0.0
10 0.0
2 0.0
-2 0.0
-33 0.0
-31 0.0
-27 0.0
-29 0.28627653024339306
2 0.0
10 0.0
-2 0.0
-33 0.0
-27 0.0
-29 0.28627653024339306
-17 0.0
-22 0.0
-33 0.0
-27 0.0
3 0.14313826512169653
12 0.0
0 0.0
10 0.0
-34 0.14313826512169653
-10 0.0
-5 0.0
-31 0.0
-27 0.0
-31 0.28627653024339306
-10 0.0
2 0.0
5 0.0
14 0.0
-33 0.0
-27 0.0
-33 0.28627653024339306
-21 0.0
-14 0.0
-9 0.0
-5 0.0
14 0.0
2 0.0
5 0.0
-33 0.0
-27 0.0
-12 0.0
-9 0.28627653024339306
-5 0.0
-27 0.0
-5 0.14313826512169653
-14 0.14313826512169653
-9 0.0
-5 0.0
-31 0.0
-27 0.0
-38 0.28627653024339306
-21 0.0
-14 0.0
-9 0.0
7 0.0
3 0.0
15 0.0
-14 0.0
3 0.0
-9 0.0
-33 0.0
-31 0.0
-27 0.0
-33 0.28627653024339306
3 0.0
-14 0.0
-9 0.0
-33 0.0
-27 0.0
-33 0.28627653024339306
-21 0.0
-14 0.0
-33 0.0
-27 0.0
-5 0.28627653024339306
-14 0.0
-9 0.0
3 0.0
-9 0.0
-14 0.0
-31 0.0
-27 0.0
-38 0.28627653024339306
-10 0.0
-14 0.0
2 0.0
-33 0.0
-27 0.0
-33 0.28627653024339306
-21 0.0
-14 0.0
-9 0.0
-5 0.0
-33 0.0
-27 0.0
-9 0.28627653024339306
-5 0.0
3 0.0
-9 0.0
-14 0.0
-27 0.0
-5 0.14313826512169653
-14 0.14313826512169653
-9 0.0
-5 0.0
-31 0.0
-27 0.0
-38 0.28627653024339306
-21 0.0
-14 0.0
-9 0.0
10 0.0
3 0.0
-2 0.0
-33 0.0
-31 0.0
-27 0.0
3 0.14313826512169653
-2 0.0
10 0.0
-33 0.14313826512169653
10 0.0
-2 0.0
3 0.0
-33 0.0
-27 0.0
-33 0.28627653024339306
-21 0.0
-14 0.0
-33 0.0
-27 0.0
3 0.14313826512169653
0 0.0
12 0.0
10 0.0
-38 0.14313826512169653
-5 0.0
-14 0.0
-9 0.0
-31 0.0
-27 0.0
-33 0.28627653024339306
14 0.0
2 0.0
5 0.0
-33 0.0
-27 0.0
-31 0.28627653024339306
-24 0.0
-31 0.0
-15 0.0
-12 0.0
-7 0.0
14 0.0
5 0.0
2 0.0
5 0.0
-7 0.0
-12 0.0
-33 0.0
-27 0.0
-12 0.0
-12 0.28627653024339306
-7 0.0
-27 0.0
-7 0.14313826512169653
-19 0.14313826512169653
-31 0.0
-27 0.0
-36 0.28627653024339306
-19 0.0
-7 0.0
12 0.0
3 0.0
0 0.0
5 0.0
-33 0.0
-31 0.0
-27 0.0
-31 0.28627653024339306
-33 0.0
-27 0.0
-31 0.28627653024339306
-19 0.0
-33 0.0
-27 0.0
-7 0.28627653024339306
-31 0.0
-27 0.0
-36 0.28627653024339306
-7 0.0
-33 0.0
-27 0.0
-31 0.28627653024339306
-24 0.0
-31 0.0
-15 0.0
-12 0.0
-7 0.0
-33 0.0
-27 0.0
-12 0.28627653024339306
-7 0.0
-27 0.0
-7 0.14313826512169653
-19 0.14313826512169653
-31 0.0
-27 0.0
-36 0.28627653024339306
-19 0.0
-7 0.0
-33 0.0
-31 0.0
-27 0.0
-31 0.28627653024339306
-33 0.0
-27 0.0
-31 0.28627653024339306
-19 0.0
-33 0.0
-27 0.0
-36 0.28627653024339306
-7 0.0
-31 0.0
-27 0.0
-31 0.28627653024339306
-7 0.0
-33 0.0
-27 0.0
-38 0.28627653024339306
-19 0.0
-14 0.0
-10 0.0
-31 0.0
-2 0.0
2 0.0
-7 0.0
-33 0.0
-27 0.0
-12 0.0
-27 0.28627653024339306
-7 0.14313826512169653
-10 0.0
-14 0.0
10 0.14313826512169653
-19 0.0
-14 0.0
-10 0.0
-7 0.0
-31 0.0
-27 0.0
-7 0.0
9 0.28627653024339306
-38 0.0
-14 0.0
-10 0.0
-7 0.0
-33 0.0
-31 0.0
-27 0.0
-7 0.0
9 0.28627653024339306
-38 0.0
-33 0.0
-27 0.0
-7 0.0
7 0.28627653024339306
-38 0.0
-19 0.0
-14 0.0
-33 0.0
-27 0.0
7 0.28627653024339306
-34 0.0
-14 0.0
-10 0.0
-7 0.0
-31 0.0
-27 0.0
-7 0.0
5 0.28627653024339306
-31 0.0
-10 0.0
-14 0.0
-33 0.0
-27 0.0
-7 0.0
-38 0.28627653024339306
-19 0.0
-14 0.0
-10 0.0
-31 0.0
-33 0.0
-27 0.0
7 0.28627653024339306
-27 0.0
-7 0.0
-7 0.14313826512169653
-10 0.0
-14 0.0
5 0.14313826512169653
-19 0.0
-14 0.0
-10 0.0
-7 0.0
-31 0.0
-27 0.0
-7 0.0
2 0.28627653024339306
-38 0.0
-14 0.0
-10 0.0
-7 0.0
-33 0.0
-31 0.0
-27 0.0
-7 0.0
-38 0.28627653024339306
-33 0.0
-27 0.0
-38 0.28627653024339306
-19 0.0
-14 0.0
-33 0.0
-27 0.0
-34 0.28627653024339306
-14 0.0
-10 0.0
-7 0.0
-31 0.0
-27 0.0
0 0.14313826512169653
-2 0.14313826512169653
-31 0.0
-10 0.0
-14 0.0
-33 0.0
-27 0.0
-29 0.28627653024339306
-17 0.0
-22 0.0
-14 0.0
-10 0.0
-5 0.0
-33 0.0
-27 0.0
-27 0.28627653024339306
-5 0.14313826512169653
-10 0.0
-14 0.0
-5 0.14313826512169653
-29 0.0
-22 0.0
-17 0.0
-14 0.0
-10 0.0
-5 0.0
-31 0.0
-27 0.0
-7 0.0
-2 0.28627653024339306
-34 0.0
-14 0.0
-10 0.0
-5 0.0
-33 0.0
-31 0.0
-27 0.0
-7 0.0
-2 0.28627653024339306
-29 0.0
-33 0.0
-27 0.0
-7 0.0
-29 0.28627653024339306
-29 0.0
-22 0.0
-17 0.0
-33 0.0
-27 0.0
2 0.28627653024339306
-17 0.0
-14 0.0
-10 0.0
-5 0.0
-31 0.0
-27 0.0
-7 0.0
0 0.28627653024339306
-34 0.0
-30 0.0
-10 0.0
-5 0.0
-33 0.0
-27 0.0
-7 0.0
2 0.14313826512169653
0 0.14313826512169653
-29 0.0
-10 0.0
-5 0.0
-14 0.0
-33 0.0
-27 0.0
-2 0.28627653024339306
-10 0.0
-5 0.0
-27 0.0
-7 0.0
-5 0.14313826512169653
-10 0.0
-10 0.14313826512169653
-5 0.0
-31 0.0
-27 0.0
-34 0.28627653024339306
-17 0.0
-10 0.0
-5 0.0
2 0.0
14 0.0
5 0.0
-33 0.0
-31 0.0
-27 0.0
-29 0.28627653024339306
14 0.0
5 0.0
2 0.0
-33 0.0
-27 0.0
-29 0.28627653024339306
-17 0.0
-22 0.0
-33 0.0
-27 0.0
3 0.14313826512169653
12 0.0
0 0.0
-31 0.14313826512169653
-10 0.0
-5 0.0
-31 0.0
-27 0.0
-10 0.28627653024339306
2 0.0
10 0.0
-2 0.0
-33 0.0
-27 0.0
-33 0.28627653024339306
-21 0.0
-14 0.0
-9 0.0
-5 0.0
-5 0.0
-2 0.0
-5 0.0
-9 0.0
-14 0.0
-33 0.0
-27 0.0
-12 0.0
5 0.28627653024339306
-9 0.0
-5 0.0
-27 0.0
-7 0.0
-5 0.14313826512169653
7 0.14313826512169653
-14 0.0
-9 0.0
-5 0.0
-31 0.0
-27 0.0
-7 0.0
7 0.28627653024339306
-38 0.0
-21 0.0
-14 0.0
-9 0.0
-33 0.0
-31 0.0
-27 0.0
-7 0.0
7 0.28627653024339306
-33 0.0
-33 0.0
-27 0.0
-7 0.0
-33 0.28627653024339306
-21 0.0
-14 0.0
-33 0.0
-27 0.0
7 0.28627653024339306
-5 0.0
-14 0.0
-9 0.0
-31 0.0
-27 0.0
-7 0.0
8 0.28627653024339306
-38 0.0
-33 0.0
-27 0.0
-7 0.0
-33 0.28627653024339306
-21 0.0
-14 0.0
-9 0.0
-5 0.0
-33 0.0
-27 0.0
7 0.28627653024339306
-9 0.0
-5 0.0
-27 0.0
-7 0.0
-5 0.14313826512169653
5 0.14313826512169653
-14 0.0
-9 0.0
-5 0.0
-31 0.0
-27 0.0
-7 0.0
3 0.28627653024339306
-38 0.0
-21 0.0
-14 0.0
-9 0.0
-33 0.0
-31 0.0
-27 0.0
5 0.28627653024339306
-33 0.0
-33 0.0
-27 0.0
-7 0.0
7 0.28627653024339306
-33 0.0
-21 0.0
-14 0.0
10 0.0
-2 0.0
3 0.0
-33 0.0
-27 0.0
-29 0.28627653024339306
-5 0.0
-14 0.0
-9 0.0
-2 0.0
7 0.0
-31 0.0
-27 0.0
5 0.14313826512169653
3 0.14313826512169653
-38 0.0
-2 0.0
3 0.0
-33 0.0
-27 0.0
7 0.14313826512169653
-33 0.14313826512169653
-5 0.0
-9 0.0
5 0.0
-2 0.0
-9 0.0
-5 0.0
-14 0.0
-33 0.0
-27 0.0
7 0.14313826512169653
-5 0.14313826512169653
3 0.0
-27 0.0
-5 0.14313826512169653
-9 0.14313826512169653
-5 0.0
-14 0.0
-31 0.0
-27 0.0
-38 0.28627653024339306
-14 0.0
-9 0.0
-5 0.0
-33 0.0
-31 0.0
-27 0.0
-33 0.28627653024339306
-33 0.0
-27 0.0
7 0.28627653024339306
-33 0.0
-21 0.0
-33 0.0
-27 0.0
-7 0.0
7 0.28627653024339306
-9 0.0
-5 0.0
-14 0.0
-2 0.0
-31 0.0
-27 0.0
-7 0.0
-38 0.28627653024339306
-14 0.0
-33 0.0
-27 0.0
8 0.28627653024339306
-33 0.0
-14 0.0
-9 0.0
-5 0.0
-33 0.0
-27 0.0
-7 0.0
-9 0.28627653024339306
-5 0.0
-27 0.0
-5 0.14313826512169653
7 0.14313826512169653
-14 0.0
-9 0.0
-31 0.0
-27 0.0
-7 0.0
7 0.28627653024339306
-38 0.0
-14 0.0
-9 0.0
-5 0.0
-33 0.0
-31 0.0
-27 0.0
-7 0.0
5 0.28627653024339306
-33 0.0
-33 0.0
-27 0.0
-7 0.0
-33 0.28627653024339306
-21 0.0
-14 0.0
-33 0.0
-27 0.0
3 0.28627653024339306
-29 0.0
-14 0.0
-9 0.0
-5 0.0
-31 0.0
-27 0.0
-7 0.0
3 0.28627653024339306
-33 0.0
-9 0.0
-33 0.0
-27 0.0
-7 0.0
-38 0.28627653024339306
-26 0.0
-19 0.0
-14 0.0
-10 0.0
-2 0.0
5 0.0
-7 0.0
-10 0.0
-14 0.0
-7 0.0
-33 0.0
-27 0.0
2 0.28627653024339306
-2 0.0
-7 0.0
-27 0.0
-7 0.0
-7 0.14313826512169653
-10 0.0
-14 0.14313826512169653
-31 0.0
-27 0.0
-38 0.28627653024339306
-14 0.0
-10 0.0
2 0.0
-2 0.0
-7 0.0
-33 0.0
-31 0.0
-27 0.0
-38 0.28627653024339306
2 0.0
-2 0.0
-7 0.0
-33 0.0
-27 0.0
-14 0.28627653024339306
-10 0.0
-33 0.0
-27 0.0
-34 0.28627653024339306
-14 0.0
-10 0.0
-7 0.0
-31 0.0
-27 0.0
-31 0.28627653024339306
-14 0.0
-10 0.0
0 0.0
-7 0.0
-33 0.0
-27 0.0
-29 0.28627653024339306
-22 0.0
-17 0.0
-10 0.0
-30 0.0
-5 0.0
-14 0.0
-29 0.0
-2 0.0
-7 0.0
-12 0.0
-33 0.0
-27 0.0
-2 0.28627653024339306
-10 0.0
-5 0.0
2 0.0
-7 0.0
-27 0.0
-7 0.0
-5 0.14313826512169653
-10 0.0
-2 0.14313826512169653
-14 0.0
-31 0.0
-27 0.0
-7 0.0
-2 0.28627653024339306
-34 0.0
-17 0.0
-14 0.0
-10 0.0
-5 0.0
-5 0.0
-2 0.0
2 0.0
-10 0.0
-33 0.0
-31 0.0
-27 0.0
-7 0.0
0 0.28627653024339306
-29 0.0
2 0.0
-2 0.0
-5 0.0
-33 0.0
-27 0.0
-7 0.0
2 0.28627653024339306
-29 0.0
-22 0.0
-14 0.0
-10 0.0
-5 0.0
-33 0.0
-27 0.0
-7 0.0
0 0.28627653024339306
-10 0.0
-5 0.0
-31 0.0
-27 0.0
-7 0.0
-29 0.14313826512169653
-2 0.14313826512169653
-34 0.0
-10 0.0
-5 0.0
-33 0.0
-27 0.0
-7 0.0
-2 0.28627653024339306
-33 0.0
-21 0.0
-9 0.0
-14 0.0
-5 0.0
-5 0.0
3 0.0
-10 0.0
-33 0.0
-27 0.0
-7 0.0
-3 0.28627653024339306
-5 0.0
-2 0.0
-5 0.0
-27 0.0
-5 0.14313826512169653
-5 0.0
-9 0.0
-9 0.14313826512169653
-14 0.0
-31 0.0
-27 0.0
-38 0.28627653024339306
-14 0.0
-9 0.0
-5 0.0
-5 0.0
-2 0.0
-9 0.0
-9 0.0
-33 0.0
-31 0.0
-27 0.0
-33 0.28627653024339306
-2 0.0
-5 0.0
-9 0.0
-33 0.0
-27 0.0
-33 0.28627653024339306
-21 0.0
-33 0.0
-27 0.0
-21 0.28627653024339306
-14 0.0
-9 0.0
-5 0.0
-31 0.0
-27 0.0
-38 0.28627653024339306
-9 0.0
-33 0.0
-27 0.0
-31 0.28627653024339306
-24 0.0
-12 0.0
-7 0.0
-3 0.0
-7 0.0
0 0.0
-7 0.0
-12 0.0
-3 0.0
-33 0.0
-27 0.0
-7 0.28627653024339306
-3 0.0
-7 0.0
-27 0.0
-7 0.14313826512169653
-3 0.14313826512169653
-15 0.0
-31 0.0
-27 0.0
-7 0.0
-2 0.28627653024339306
-36 0.0
-12 0.0
-7 0.0
-3 0.0
5 0.0
-7 0.0
0 0.0
-33 0.0
-31 0.0
-27 0.0
-7 0.0
-2 0.28627653024339306
-31 0.0
-3 0.0
5 0.0
-7 0.0
-33 0.0
-27 0.0
-7 0.0
0 0.28627653024339306
-31 0.0
-33 0.0
-27 0.0
0 0.28627653024339306
-29 0.0
-15 0.0
-12 0.0
-7 0.0
0 0.0
-7 0.0
-31 0.0
-27 0.0
-7 0.0
0 0.28627653024339306
-31 0.0
-33 0.0
-27 0.0
-7 0.0
-38 0.28627653024339306
-10 0.0
-19 0.0
-14 0.0
-2 0.0
-7 0.0
-10 0.0
-14 0.0
-33 0.0
-27 0.0
-2 0.28627653024339306
-7 0.0
0 0.0
-7 0.0
-27 0.0
-7 0.0
-7 0.14313826512169653
-31 0.14313826512169653
-27 0.0
-38 0.28627653024339306
-14 0.0
-10 0.0
-7 0.0
-2 0.0
2 0.0
-7 0.0
-33 0.0
-31 0.0
-27 0.0
-38 0.28627653024339306
2 0.0
-2 0.0
-7 0.0
-33 0.0
-27 0.0
-38 0.28627653024339306
-26 0.0
-19 0.0
-14 0.0
-33 0.0
-27 0.0
-34 0.28627653024339306
-14 0.0
-10 0.0
-7 0.0
-2 0.0
-7 0.0
-31 0.0
-27 0.0
-31 0.28627653024339306
-33 0.0
-27 0.0
2 0.28627653024339306
-29 0.0
-22 0.0
-17 0.0
-14 0.0
-10 0.0
-5 0.0
-5 0.0
-2 0.0
-10 0.0
-33 0.0
-27 0.0
-7 0.0
-5 0.14313826512169653
0 0.14313826512169653
-2 0.0
2 0.0
-5 0.0
-27 0.0
-5 0.14313826512169653
-10 0.0
-2 0.14313826512169653
-5 0.0
-14 0.0
-31 0.0
-27 0.0
-7 0.0
-34 0.28627653024339306
-17 0.0
-14 0.0
-10 0.0
-5 0.0
-5 0.0
-2 0.0
-33 0.0
-31 0.0
-27 0.0
2 0.28627653024339306
-29 0.0
2 0.0
-5 0.0
-33 0.0
-27 0.0
-7 0.0
5 0.28627653024339306
-29 0.0
-22 0.0
-17 0.0
-14 0.0
-33 0.0
-27 0.0
-7 0.0
2 0.28627653024339306
-10 0.0
-5 0.0
-31 0.0
-27 0.0
-7 0.0
0 0.28627653024339306
-34 0.0
-5 0.0
-33 0.0
-27 0.0
-7 0.0
-33 0.28627653024339306
-21 0.0
-14 0.0
-5 0.0
-2 0.0
3 0.0
-5 0.0
-9 0.0
-14 0.0
-33 0.0
-27 0.0
-5 0.009542551008113102
-9 0.0
-2 0.27673397923528
-2 0.0
-5 0.0
3 0.0
-27 0.0
-5 0.1288244386095269
-9 0.03817020403245241
-9 0.08111168356896137
-5 0.014313826512169652
-14 0.009542551008113102
-31 0.014313826512169652
-27 0.0
-14 0.2624201527231103
-9 0.009542551008113102
-5 0.0
-38 0.014313826512169652
-5 0.0
-9 0.0
-2 0.0
-33 0.0
-31 0.0
-27 0.0
-33 0.28627653024339306
-5 0.0
3 0.0
-2 0.0
-33 0.0
-27 0.0
-21 0.24810632621094064
-14 0.014313826512169652
-33 0.023856377520282756
-33 0.0
-27 0.0
-9 0.2719627037312234
-5 0.014313826512169652
-31 0.0
-27 0.0
-14 0.009542551008113102
-38 0.27673397923528
-33 0.0
-27 0.0
-31 0.2624201527231103
-31 0.023856377520282756
-3 0.0
0 0.0
-7 0.0
5 0.0
-7 0.0
-12 0.0
-3 0.0
-33 0.0
-27 0.0
-24 0.023856377520282756
-19 0.04771275504056551
-15 0.04771275504056551
-12 0.023856377520282756
-7 0.033398928528395856
-27 0.10973933659330068
-3 0.28627653024339306
-31 0.0
-27 0.0
-7 0.0
-2 0.28627653024339306
-33 0.0
-31 0.0
-27 0.0
-7 0.0
0 0.28627653024339306
-33 0.0
-27 0.0
-7 0.0
-33 0.28627653024339306
-27 0.0
0 0.28627653024339306
-31 0.0
-27 0.0
-7 0.0
0 0.28627653024339306
-33 0.0
-27 0.0
-7 0.0
2 0.14313826512169653
0 0.14313826512169653
-38 0.0
-19 0.0
-14 0.0
-10 0.0
-31 0.0
-2 0.0
-7 0.0
-33 0.0
-27 0.0
-2 0.28627653024339306
-27 0.0
-7 0.0
-7 0.14313826512169653
-10 0.0
-14 0.0
-19 0.14313826512169653
-14 0.0
-10 0.0
-7 0.0
-31 0.0
-27 0.0
-38 0.28627653024339306
-14 0.0
-10 0.0
-7 0.0
-10 0.0
-14 0.0
-33 0.0
-31 0.0
-27 0.0
-38 0.28627653024339306
-14 0.0
-10 0.0
-33 0.0
-27 0.0
-38 0.28627653024339306
-19 0.0
-14 0.0
-33 0.0
-27 0.0
-34 0.28627653024339306
-14 0.0
-10 0.0
-7 0.0
-10 0.0
-14 0.0
-31 0.0
-27 0.0
-31 0.28627653024339306
-10 0.0
-14 0.0
-12 0.0
-15 0.0
-33 0.0
-27 0.0
-38 0.28627653024339306
-19 0.0
-14 0.0
-10 0.0
-31 0.0
-33 0.0
-27 0.0
2 0.28627653024339306
5 0.0
-14 0.0
-10 0.0
-27 0.0
-7 0.14313826512169653
-10 0.0
-14 0.0
14 0.0
2 0.14313826512169653
-19 0.0
-14 0.0
-10 0.0
-7 0.0
-31 0.0
-27 0.0
-7 0.0
2 0.28627653024339306
-38 0.0
-14 0.0
-10 0.0
-7 0.0
5 0.0
14 0.0
2 0.0
-33 0.0
-31 0.0
-27 0.0
-7 0.0
2 0.28627653024339306
-38 0.0
14 0.0
5 0.0
2 0.0
-33 0.0
-27 0.0
-7 0.0
-38 0.28627653024339306
-19 0.0
-14 0.0
-33 0.0
-27 0.0
12 0.14313826512169653
3 0.0
0 0.0
0 0.14313826512169653
-34 0.0
-14 0.0
-10 0.0
-7 0.0
-31 0.0
-27 0.0
-7 0.0
0 0.28627653024339306
-31 0.0
-10 0.0
-14 0.0
10 0.0
-2 0.0
2 0.0
-33 0.0
-27 0.0
-7 0.0
-29 0.28627653024339306
-17 0.0
-22 0.0
-14 0.0
-10 0.0
-5 0.0
7 0.0
-5 0.0
-2 0.0
-33 0.0
-27 0.0
-12 0.0
2 0.28627653024339306
-27 0.0
-7 0.0
-5 0.14313826512169653
-10 0.0
-14 0.0
-29 0.14313826512169653
-22 0.0
-17 0.0
-14 0.0
-10 0.0
-5 0.0
-31 0.0
-27 0.0
-34 0.28627653024339306
-14 0.0
-10 0.0
-5 0.0
-10 0.0
-14 0.0
-33 0.0
-31 0.0
-27 0.0
-29 0.28627653024339306
-14 0.0
-10 0.0
-33 0.0
-27 0.0
0 0.14313826512169653
-2 0.14313826512169653
-29 0.0
-29 0.0
-22 0.0
-17 0.0
-33 0.0
-27 0.0
-17 0.28627653024339306
-14 0.0
-10 0.0
-5 0.0
-10 0.0
-14 0.0
-31 0.0
-27 0.0
-34 0.28627653024339306
-30 0.0
-10 0.0
-5 0.0
-15 0.0
-12 0.0
-33 0.0
-27 0.0
-29 0.28627653024339306
-10 0.0
-5 0.0
-14 0.0
-33 0.0
-27 0.0
-10 0.28627653024339306
-5 0.0
-14 0.0
-10 0.0
-27 0.0
-5 0.14313826512169653
-10 0.0
-10 0.14313826512169653
-5 0.0
-31 0.0
-27 0.0
-34 0.28627653024339306
-17 0.0
-10 0.0
-5 0.0
10 0.0
2 0.0
-2 0.0
-33 0.0
-31 0.0
-27 0.0
7 0.28627653024339306
-29 0.0
2 0.0
10 0.0
-2 0.0
-33 0.0
-27 0.0
-7 0.0
-29 0.28627653024339306
-17 0.0
-22 0.0
-33 0.0
-27 0.0
3 0.14313826512169653
12 0.0
0 0.0
10 0.0
7 0.14313826512169653
-34 0.0
-10 0.0
-5 0.0
-31 0.0
-27 0.0
-7 0.0
5 0.28627653024339306
-31 0.0
-10 0.0
2 0.0
5 0.0
14 0.0
-33 0.0
-27 0.0
-7 0.0
7 0.28627653024339306
-33 0.0
-21 0.0
-14 0.0
-9 0.0
-5 0.0
14 0.0
2 0.0
5 0.0
-5 0.0
-9 0.0
-14 0.0
-33 0.0
-27 0.0
-12 0.0
-9 0.28627653024339306
-5 0.0
-27 0.0
-5 0.14313826512169653
5 0.14313826512169653
-14 0.0
-9 0.0
-5 0.0
-31 0.0
-27 0.0
7 0.14313826512169653
5 0.14313826512169653
-38 0.0
-21 0.0
-14 0.0
-9 0.0
7 0.0
3 0.0
15 0.0
-33 0.0
-31 0.0
-27 0.0
3 0.28627653024339306
-33 0.0
-33 0.0
-27 0.0
0 0.28627653024339306
-33 0.0
-21 0.0
-14 0.0
-33 0.0
-27 0.0
-2 0.14313826512169653
-5 0.14313826512169653
-14 0.0
-9 0.0
-31 0.0
-27 0.0
-38 0.28627653024339306
-33 0.0
-27 0.0
-33 0.28627653024339306
-21 0.0
-14 0.0
-9 0.0
-5 0.0
-33 0.0
-27 0.0
-9 0.28627653024339306
-5 0.0
-27 0.0
-5 0.14313826512169653
5 0.14313826512169653
-14 0.0
-9 0.0
-5 0.0
-31 0.0
-27 0.0
-7 0.0
7 0.28627653024339306
-38 0.0
-21 0.0
-14 0.0
-9 0.0
10 0.0
3 0.0
-2 0.0
-33 0.0
-31 0.0
-27 0.0
-7 0.0
3 0.14313826512169653
-2 0.0
10 0.0
7 0.14313826512169653
-33 0.0
10 0.0
-2 0.0
3 0.0
-33 0.0
-27 0.0
-7 0.0
7 0.28627653024339306
-33 0.0
-21 0.0
-14 0.0
-33 0.0
-27 0.0
-7 0.0
3 0.14313826512169653
0 0.0
12 0.0
10 0.0
7 0.14313826512169653
-38 0.0
-5 0.0
-14 0.0
-9 0.0
-5 0.0
-9 0.0
-14 0.0
-31 0.0
-27 0.0
-7 0.0
5 0.28627653024339306
-33 0.0
14 0.0
2 0.0
5 0.0
-33 0.0
-27 0.0
-7 0.0
7 0.28627653024339306
-31 0.0
-24 0.0
-31 0.0
-15 0.0
-12 0.0
-7 0.0
14 0.0
5 0.0
2 0.0
-7 0.0
-3 0.0
-12 0.0
-33 0.0
-27 0.0
-7 0.0
9 0.28627653024339306
-12 0.0
-7 0.0
-27 0.0
-7 0.14313826512169653
7 0.14313826512169653
-19 0.0
-31 0.0
-27 0.0
9 0.28627653024339306
-36 0.0
-19 0.0
-7 0.0
12 0.0
3 0.0
0 0.0
4 0.0
-33 0.0
-31 0.0
-27 0.0
7 0.14313826512169653
5 0.14313826512169653
-31 0.0
-33 0.0
-27 0.0
-31 0.28627653024339306
-19 0.0
-33 0.0
-27 0.0
-7 0.28627653024339306
-31 0.0
-27 0.0
-36 0.28627653024339306
-7 0.0
-33 0.0
-27 0.0
-31 0.28627653024339306
-24 0.0
-31 0.0
-15 0.0
-12 0.0
-7 0.0
-33 0.0
-27 0.0
-12 0.28627653024339306
-7 0.0
-27 0.0
-7 0.14313826512169653
10 0.14313826512169653
-19 0.0
-31 0.0
-27 0.0
-7 0.0
9 0.28627653024339306
-36 0.0
-19 0.0
-3 0.0
-12 0.0
-7 0.0
-33 0.0
-31 0.0
-27 0.0
7 0.28627653024339306
-31 0.0
-33 0.0
-27 0.0
-7 0.0
9 0.28627653024339306
-31 0.0
-19 0.0
-33 0.0
-27 0.0
9 0.28627653024339306
-36 0.0
-7 0.0
-31 0.0
-27 0.0
7 0.28627653024339306
-31 0.0
-7 0.0
-33 0.0
-27 0.0
-38 0.28627653024339306
-19 0.0
-14 0.0
-10 0.0
-31 0.0
-2 0.0
-7 0.0
-33 0.0
-27 0.0
-12 0.0
5 0.28627653024339306
-27 0.0
-7 0.14313826512169653
-10 0.0
-14 0.0
-19 0.14313826512169653
-14 0.0
-10 0.0
-7 0.0
-31 0.0
-27 0.0
-38 0.28627653024339306
-14 0.0
-10 0.0
-7 0.0
-10 0.0
-14 0.0
-33 0.0
-31 0.0
-27 0.0
-38 0.28627653024339306
-14 0.0
-10 0.0
-33 0.0
-27 0.0
-38 0.28627653024339306
-19 0.0
-14 0.0
-33 0.0
-27 0.0
-34 0.28627653024339306
-14 0.0
-10 0.0
-7 0.0
-10 0.0
-14 0.0
-31 0.0
-27 0.0
-31 0.28627653024339306
-10 0.0
-14 0.0
-15 0.0
-12 0.0
-33 0.0
-27 0.0
-38 0.28627653024339306
-19 0.0
-14 0.0
-10 0.0
-31 0.0
-33 0.0
-27 0.0
2 0.28627653024339306
5 0.0
-14 0.0
-10 0.0
-27 0.0
-7 0.14313826512169653
-10 0.0
-14 0.0
14 0.0
10 0.14313826512169653
-19 0.0
-14 0.0
-10 0.0
-7 0.0
-31 0.0
-27 0.0
-7 0.0
9 0.28627653024339306
-38 0.0
-14 0.0
-10 0.0
-7 0.0
5 0.0
14 0.0
2 0.0
-33 0.0
-31 0.0
-27 0.0
7 0.28627653024339306
-38 0.0
14 0.0
5 0.0
2 0.0
-33 0.0
-27 0.0
-7 0.0
9 0.28627653024339306
-38 0.0
-19 0.0
-14 0.0
-33 0.0
-27 0.0
12 0.14313826512169653
3 0.0
0 0.0
7 0.14313826512169653
-34 0.0
-14 0.0
-10 0.0
-7 0.0
-31 0.0
-27 0.0
5 0.28627653024339306
-31 0.0
-10 0.0
-14 0.0
10 0.0
-2 0.0
2 0.0
-33 0.0
-27 0.0
-29 0.28627653024339306
-17 0.0
-22 0.0
-14 0.0
-10 0.0
-5 0.0
7 0.0
-5 0.0
-2 0.0
-33 0.0
-27 0.0
7 0.28627653024339306
-27 0.0
-5 0.14313826512169653
-10 0.0
-14 0.0
2 0.14313826512169653
-29 0.0
-22 0.0
-17 0.0
-14 0.0
-10 0.0
-5 0.0
-31 0.0
-27 0.0
-34 0.28627653024339306
-14 0.0
-10 0.0
-5 0.0
-10 0.0
-14 0.0
-33 0.0
-31 0.0
-27 0.0
-29 0.28627653024339306
-14 0.0
-10 0.0
-33 0.0
-27 0.0
0 0.14313826512169653
-2 0.14313826512169653
-29 0.0
-29 0.0
-22 0.0
-17 0.0
-33 0.0
-27 0.0
-17 0.28627653024339306
-14 0.0
-10 0.0
-5 0.0
-14 0.0
-10 0.0
-31 0.0
-27 0.0
-34 0.28627653024339306
-30 0.0
-10 0.0
-5 0.0
-12 0.0
-15 0.0
-33 0.0
-27 0.0
-29 0.28627653024339306
-10 0.0
-5 0.0
-14 0.0
-33 0.0
-27 0.0
-10 0.28627653024339306
-5 0.0
-14 0.0
-10 0.0
-27 0.0
-5 0.14313826512169653
-10 0.0
0 0.14313826512169653
-10 0.0
-5 0.0
-31 0.0
-27 0.0
-7 0.0
2 0.28627653024339306
-34 0.0
-17 0.0
-10 0.0
-5 0.0
10 0.0
2 0.0
-2 0.0
-33 0.0
-31 0.0
-27 0.0
-7 0.0
2 0.28627653024339306
-29 0.0
2 0.0
10 0.0
-2 0.0
-33 0.0
-27 0.0
-7 0.0
0 0.28627653024339306
-29 0.0
-17 0.0
-22 0.0
-33 0.0
-27 0.0
-7 0.0
3 0.14313826512169653
12 0.0
0 0.0
10 0.0
0 0.14313826512169653
-34 0.0
-10 0.0
-5 0.0
-31 0.0
-27 0.0
-7 0.0
-2 0.28627653024339306
-31 0.0
-10 0.0
2 0.0
5 0.0
14 0.0
-33 0.0
-27 0.0
-7 0.0
-2 0.28627653024339306
-33 0.0
-21 0.0
-14 0.0
-9 0.0
-5 0.0
14 0.0
2 0.0
5 0.0
-9 0.0
-5 0.0
-14 0.0
-33 0.0
-27 0.0
-7 0.0
-9 0.28627653024339306
-5 0.0
-27 0.0
-5 0.14313826512169653
-14 0.14313826512169653
-9 0.0
-5 0.0
-31 0.0
-27 0.0
0 0.28627653024339306
-38 0.0
-21 0.0
-14 0.0
-9 0.0
7 0.0
3 0.0
15 0.0
-33 0.0
-31 0.0
-27 0.0
-33 0.28627653024339306
-33 0.0
-27 0.0
-33 0.28627653024339306
-21 0.0
-14 0.0
-33 0.0
-27 0.0
2 0.28627653024339306
-5 0.0
-14 0.0
-9 0.0
-31 0.0
-27 0.0
-38 0.28627653024339306
-33 0.0
-27 0.0
-33 0.28627653024339306
-21 0.0
-14 0.0
-9 0.0
-5 0.0
-33 0.0
-27 0.0
-9 0.28627653024339306
-5 0.0
-27 0.0
-5 0.14313826512169653
2 0.14313826512169653
-14 0.0
-9 0.0
-5 0.0
-31 0.0
-27 0.0
-7 0.0
3 0.28627653024339306
-38 0.0
-21 0.0
-14 0.0
-9 0.0
10 0.0
3 0.0
-2 0.0
-33 0.0
-31 0.0
-27 0.0
-7 0.0
3 0.14313826512169653
-2 0.0
10 0.0
3 0.14313826512169653
-33 0.0
10 0.0
-2 0.0
3 0.0
-33 0.0
-27 0.0
-7 0.0
2 0.28627653024339306
-33 0.0
-21 0.0
-14 0.0
-33 0.0
-27 0.0
-7 0.0
3 0.14313826512169653
0 0.0
12 0.0
10 0.0
2 0.14313826512169653
-38 0.0
-5 0.0
-14 0.0
-9 0.0
-31 0.0
-27 0.0
-7 0.0
0 0.28627653024339306
-33 0.0
14 0.0
2 0.0
5 0.0
-33 0.0
-27 0.0
-7 0.0
0 0.28627653024339306
-31 0.0
-24 0.0
-31 0.0
-15 0.0
-12 0.0
-7 0.0
14 0.0
5 0.0
2 0.0
-3 0.0
-7 0.0
-12 0.0
-33 0.0
-27 0.0
-7 0.0
-12 0.28627653024339306
-7 0.0
-27 0.0
-7 0.14313826512169653
-19 0.14313826512169653
-31 0.0
-27 0.0
2 0.28627653024339306
-36 0.0
-19 0.0
-7 0.0
12 0.0
3 0.0
0 0.0
4 0.0
-33 0.0
-31 0.0
-27 0.0
-31 0.28627653024339306
-33 0.0
-27 0.0
-31 0.28627653024339306
-19 0.0
-33 0.0
-27 0.0
3 0.28627653024339306
-7 0.0
-31 0.0
-27 0.0
-36 0.28627653024339306
-7 0.0
-33 0.0
-27 0.0
7 0.28627653024339306
-31 0.0
-24 0.0
-31 0.0
-15 0.0
-12 0.0
-7 0.0
-33 0.0
-27 0.0
-12 0.28627653024339306
-7 0.0
-27 0.0
-7 0.14313826512169653
-19 0.14313826512169653
-31 0.0
-27 0.0
-36 0.28627653024339306
-19 0.0
-7 0.0
-33 0.0
-31 0.0
-27 0.0
-31 0.28627653024339306
-33 0.0
-27 0.0
-31 0.28627653024339306
-19 0.0
-33 0.0
-27 0.0
9 0.28627653024339306
-36 0.0
-7 0.0
-31 0.0
-27 0.0
-31 0.28627653024339306
-7 0.0
-33 0.0
-27 0.0
10 0.28627653024339306
-38 0.0
-19 0.0
-14 0.0
-10 0.0
-31 0.0
-33 0.0
-27 0.0
-12 0.0
-27 0.28627653024339306
-7 0.14313826512169653
-10 0.0
-14 0.0
-19 0.14313826512169653
-14 0.0
-10 0.0
-7 0.0
-31 0.0
-27 0.0
-38 0.28627653024339306
-14 0.0
-10 0.0
-7 0.0
2 0.0
5 0.0
-10 0.0
-14 0.0
-33 0.0
-31 0.0
-27 0.0
14 0.14313826512169653
-38 0.14313826512169653
2 0.0
-10 0.0
-14 0.0
-33 0.0
-27 0.0
5 0.14313826512169653
14 0.0
-38 0.14313826512169653
-19 0.0
-14 0.0
-33 0.0
-27 0.0
2 0.14313826512169653
5 0.0
-34 0.14313826512169653
-14 0.0
-10 0.0
-7 0.0
14 0.0
-10 0.0
-14 0.0
-31 0.0
-27 0.0
-31 0.28627653024339306
-10 0.0
-14 0.0
2 0.0
5 0.0
14 0.0
-12 0.0
-15 0.0
-33 0.0
-27 0.0
-38 0.28627653024339306
-19 0.0
-14 0.0
-10 0.0
-31 0.0
2 0.0
5 0.0
-33 0.0
-27 0.0
14 0.14313826512169653
-14 0.14313826512169653
-10 0.0
-27 0.0
-7 0.14313826512169653
-10 0.0
-14 0.0
2 0.0
5 0.0
-19 0.14313826512169653
-14 0.0
-10 0.0
-7 0.0
14 0.0
-31 0.0
-27 0.0
-38 0.28627653024339306
-14 0.0
-10 0.0
-7 0.0
2 0.0
5 0.0
14 0.0
-33 0.0
-31 0.0
-27 0.0
-38 0.28627653024339306
-33 0.0
-27 0.0
-38 0.28627653024339306
-19 0.0
-14 0.0
-33 0.0
-27 0.0
-34 0.28627653024339306
-14 0.0
-10 0.0
-7 0.0
-31 0.0
-27 0.0
-31 0.28627653024339306
-10 0.0
-14 0.0
-33 0.0
-27 0.0
-29 0.28627653024339306
-17 0.0
-22 0.0
-14 0.0
-10 0.0
-5 0.0
-33 0.0
-27 0.0
-27 0.28627653024339306
-5 0.14313826512169653
-10 0.0
-14 0.0
-29 0.14313826512169653
-22 0.0
-17 0.0
-14 0.0
-10 0.0
-5 0.0
-31 0.0
-27 0.0
-34 0.28627653024339306
-14 0.0
-10 0.0
-5 0.0
2 0.0
7 0.0
14 0.0
-10 0.0
-14 0.0
-33 0.0
-31 0.0
-27 0.0
-29 0.28627653024339306
2 0.0
7 0.0
-14 0.0
-10 0.0
-33 0.0
-27 0.0
14 0.14313826512169653
-29 0.14313826512169653
-29 0.0
-22 0.0
-17 0.0
-33 0.0
-27 0.0
2 0.14313826512169653
7 0.0
14 0.0
-17 0.14313826512169653
-14 0.0
-10 0.0
-5 0.0
-10 0.0
-14 0.0
-31 0.0
-27 0.0
-34 0.28627653024339306
-30 0.0
-10 0.0
-5 0.0
14 0.0
5 0.0
2 0.0
-15 0.0
-12 0.0
-33 0.0
-27 0.0
-29 0.28627653024339306
-10 0.0
-5 0.0
-14 0.0
14 0.0
2 0.0
5 0.0
-33 0.0
-27 0.0
-10 0.28627653024339306
-5 0.0
-14 0.0
-10 0.0
-27 0.0
-5 0.14313826512169653
-10 0.0
7 0.0
2 0.0
14 0.0
-10 0.14313826512169653
-5 0.0
-31 0.0
-27 0.0
-34 0.28627653024339306
-17 0.0
-10 0.0
-5 0.0
14 0.0
2 0.0
5 0.0
-33 0.0
-31 0.0
-27 0.0
-29 0.28627653024339306
-33 0.0
-27 0.0
10 0.28627653024339306
-29 0.0
-17 0.0
-22 0.0
-33 0.0
-27 0.0
-7 0.0
10 0.28627653024339306
-34 0.0
-10 0.0
-5 0.0
-31 0.0
-27 0.0
-7 0.0
9 0.28627653024339306
-31 0.0
-10 0.0
-33 0.0
-27 0.0
-7 0.0
9 0.28627653024339306
-33 0.0
-21 0.0
-14 0.0
-9 0.0
-5 0.0
-33 0.0
-27 0.0
-12 0.0
-7 0.0
-9 0.28627653024339306
-5 0.0
-27 0.0
-5 0.14313826512169653
-14 0.14313826512169653
-9 0.0
-5 0.0
-31 0.0
-27 0.0
7 0.28627653024339306
-38 0.0
-21 0.0
-14 0.0
-9 0.0
3 0.0
7 0.0
-5 0.0
-9 0.0
-33 0.0
-31 0.0
-27 0.0
7 0.14313826512169653
3 0.0
7 0.14313826512169653
-33 0.0
7 0.0
3 0.0
-9 0.0
-5 0.0
-33 0.0
-27 0.0
-7 0.0
-33 0.28627653024339306
-21 0.0
-14 0.0
3 0.0
-2 0.0
-7 0.0
-10 0.0
-33 0.0
-27 0.0
3 0.14313826512169653
-2 0.0
-5 0.14313826512169653
-14 0.0
-9 0.0
-2 0.0
3 0.0
-12 0.0
-9 0.0
-31 0.0
-27 0.0
-38 0.28627653024339306
-7 0.0
-10 0.0
-33 0.0
-27 0.0
-33 0.28627653024339306
-21 0.0
-14 0.0
-9 0.0
-5 0.0
-33 0.0
-27 0.0
10 0.28627653024339306
-9 0.0
-5 0.0
-5 0.0
-2 0.0
-9 0.0
-5 0.0
-27 0.0
-7 0.0
-5 0.14313826512169653
-14 0.14313826512169653
-9 0.0
-5 0.0
-2 0.0
-5 0.0
-31 0.0
-27 0.0
12 0.28627653024339306
-38 0.0
-21 0.0
-14 0.0
-9 0.0
-5 0.0
-9 0.0
-33 0.0
-31 0.0
-27 0.0
-7 0.0
10 0.28627653024339306
-33 0.0
-33 0.0
-27 0.0
-7 0.0
9 0.28627653024339306
-33 0.0
-21 0.0
-14 0.0
-33 0.0
-27 0.0
-7 0.0
7 0.28627653024339306
-38 0.0
-5 0.0
-14 0.0
-9 0.0
-31 0.0
-27 0.0
-7 0.0
7 0.28627653024339306
-33 0.0
-33 0.0
-27 0.0
-7 0.0
7 0.28627653024339306
-31 0.0
-24 0.0
-31 0.0
-15 0.0
-12 0.0
-7 0.0
-3 0.0
-7 0.0
-12 0.0
-33 0.0
-27 0.0
-12 0.0
-7 0.0
-12 0.28627653024339306
-7 0.0
9 0.0
0 0.0
-27 0.0
-7 0.14313826512169653
-19 0.14313826512169653
9 0.0
0 0.0
-31 0.0
-27 0.0
5 0.28627653024339306
-36 0.0
-19 0.0
-7 0.0
7 0.0
0 0.0
-33 0.0
-31 0.0
-27 0.0
5 0.28627653024339306
-31 0.0
7 0.0
0 0.0
-33 0.0
-27 0.0
-7 0.0
-31 0.28627653024339306
-19 0.0
0 0.0
5 0.0
-33 0.0
-27 0.0
-7 0.28627653024339306
5 0.0
0 0.0
-31 0.0
-27 0.0
-36 0.28627653024339306
-7 0.0
7 0.0
0 0.0
-33 0.0
-27 0.0
-31 0.28627653024339306
-24 0.0
-31 0.0
-15 0.0
-12 0.0
-7 0.0
7 0.0
0 0.0
-33 0.0
-27 0.0
-12 0.28627653024339306
-7 0.0
-27 0.0
-7 0.14313826512169653
9 0.0
0 0.0
7 0.14313826512169653
-19 0.0
-31 0.0
-27 0.0
-7 0.0
9 0.28627653024339306
-36 0.0
-19 0.0
-7 0.0
0 0.0
5 0.0
-33 0.0
-31 0.0
-27 0.0
7 0.14313826512169653
5 0.14313826512169653
-31 0.0
-33 0.0
-27 0.0
5 0.28627653024339306
-31 0.0
-19 0.0
-33 0.0
-27 0.0
-7 0.0
5 0.28627653024339306
-36 0.0
-7 0.0
-31 0.0
-27 0.0
-7 0.0
5 0.28627653024339306
-31 0.0
-7 0.0
-33 0.0
-27 0.0
-7 0.0
5 0.28627653024339306
-38 0.0
-19 0.0
-14 0.0
-10 0.0
-31 0.0
-33 0.0
-27 0.0
-12 0.0
-7 0.0
14 0.28627653024339306
-27 0.0
-7 0.14313826512169653
-10 0.0
-14 0.0
-19 0.14313826512169653
-14 0.0
-10 0.0
-7 0.0
-31 0.0
-27 0.0
-38 0.28627653024339306
-14 0.0
-10 0.0
-7 0.0
2 0.0
5 0.0
-10 0.0
-14 0.0
-33 0.0
-31 0.0
-27 0.0
14 0.14313826512169653
-38 0.14313826512169653
2 0.0
-10 0.0
-14 0.0
-33 0.0
-27 0.0
5 0.14313826512169653
14 0.0
-38 0.14313826512169653
-19 0.0
-14 0.0
-33 0.0
-27 0.0
2 0.14313826512169653
5 0.0
-34 0.14313826512169653
-14 0.0
-10 0.0
-7 0.0
14 0.0
-10 0.0
-14 0.0
-31 0.0
-27 0.0
-31 0.28627653024339306
-10 0.0
-14 0.0
2 0.0
5 0.0
14 0.0
-12 0.0
-15 0.0
-33 0.0
-27 0.0
-38 0.28627653024339306
-19 0.0
-14 0.0
-10 0.0
-31 0.0
2 0.0
5 0.0
14 0.0
-33 0.0
-27 0.0
-14 0.28627653024339306
-10 0.0
-27 0.0
-7 0.14313826512169653
-10 0.0
-14 0.0
2 0.0
5 0.0
14 0.0
-19 0.14313826512169653
-14 0.0
-10 0.0
-7 0.0
-31 0.0
-27 0.0
-38 0.28627653024339306
-14 0.0
-10 0.0
-7 0.0
-33 0.0
-31 0.0
-27 0.0
-38 0.28627653024339306
-33 0.0
-27 0.0
-38 0.28627653024339306
-19 0.0
-14 0.0
-33 0.0
-27 0.0
14 0.28627653024339306
-34 0.0
-14 0.0
-10 0.0
-7 0.0
-31 0.0
-27 0.0
12 0.14313826512169653
10 0.14313826512169653
-31 0.0
-10 0.0
-14 0.0
-33 0.0
-27 0.0
10 0.28627653024339306
-29 0.0
-17 0.0
-22 0.0
-14 0.0
-10 0.0
-5 0.0
-33 0.0
-27 0.0
-7 0.0
12 0.28627653024339306
-27 0.0
-5 0.14313826512169653
-10 0.0
-14 0.0
10 0.14313826512169653
-22 0.0
-17 0.0
-14 0.0
-10 0.0
-5 0.0
-31 0.0
-27 0.0
-34 0.28627653024339306
-14 0.0
-10 0.0
-5 0.0
2 0.0
7 0.0
10 0.0
-10 0.0
-14 0.0
-33 0.0
-31 0.0
-27 0.0
-29 0.28627653024339306
2 0.0
7 0.0
10 0.0
-10 0.0
-14 0.0
-33 0.0
-27 0.0
-29 0.28627653024339306
-22 0.0
-17 0.0
-33 0.0
-27 0.0
10 0.14313826512169653
2 0.0
7 0.0
-17 0.14313826512169653
-14 0.0
-10 0.0
-5 0.0
-10 0.0
-14 0.0
-31 0.0
-27 0.0
-34 0.28627653024339306
-10 0.0
-5 0.0
2 0.0
5 0.0
4 0.0
-12 0.0
-15 0.0
-33 0.0
-27 0.0
-29 0.28627653024339306
-10 0.0
-5 0.0
-14 0.0
5 0.0
2 0.0
-33 0.0
-27 0.0
-10 0.28627653024339306
-5 0.0
-14 0.0
-10 0.0
-27 0.0
-5 0.14313826512169653
-10 0.0
2 0.0
7 0.0
-10 0.14313826512169653
-5 0.0
-31 0.0
-27 0.0
-34 0.28627653024339306
-17 0.0
-10 0.0
-5 0.0
2 0.0
-33 0.0
-31 0.0
-27 0.0
-29 0.28627653024339306
-33 0.0
-27 0.0
-29 0.28627653024339306
-17 0.0
-22 0.0
-33 0.0
-27 0.0
7 0.28627653024339306
-34 0.0
-10 0.0
-5 0.0
-31 0.0
-27 0.0
-7 0.0
9 0.28627653024339306
-31 0.0
-10 0.0
-33 0.0
-27 0.0
7 0.28627653024339306
-33 0.0
-21 0.0
-14 0.0
-9 0.0
-5 0.0
-33 0.0
-27 0.0
-12 0.0
-9 0.28627653024339306
-5 0.0
-27 0.0
-5 0.14313826512169653
5 0.14313826512169653
-14 0.0
-9 0.0
-5 0.0
-31 0.0
-27 0.0
3 0.28627653024339306
-38 0.0
-21 0.0
-14 0.0
-9 0.0
7 0.0
3 0.0
15 0.0
-9 0.0
-5 0.0
-33 0.0
-31 0.0
-27 0.0
7 0.14313826512169653
15 0.0
3 0.0
-33 0.14313826512169653
15 0.0
3 0.0
7 0.0
-5 0.0
-9 0.0
-33 0.0
-27 0.0
-33 0.28627653024339306
-21 0.0
-14 0.0
3 0.0
10 0.0
7 0.0
-10 0.0
-7 0.0
-33 0.0
-27 0.0
10 0.14313826512169653
3 0.0
7 0.0
-5 0.14313826512169653
-14 0.0
-9 0.0
7 0.0
10 0.0
3 0.0
-12 0.0
-9 0.0
-31 0.0
-27 0.0
-38 0.28627653024339306
7 0.0
3 0.0
-10 0.0
-7 0.0
-33 0.0
-27 0.0
7 0.14313826512169653
3 0.0
-33 0.14313826512169653
-21 0.0
-14 0.0
-9 0.0
-5 0.0
7 0.0
3 0.0
-33 0.0
-27 0.0
-9 0.28627653024339306
-5 0.0
-9 0.0
-5 0.0
-27 0.0
-5 0.14313826512169653
-14 0.14313826512169653
-9 0.0
-5 0.0
-31 0.0
-27 0.0
-38 0.28627653024339306
-21 0.0
-14 0.0
-9 0.0
-2 0.0
3 0.0
-33 0.0
-31 0.0
-27 0.0
7 0.28627653024339306
-33 0.0
-33 0.0
-27 0.0
-7 0.0
5 0.28627653024339306
-33 0.0
-21 0.0
-14 0.0
-33 0.0
-27 0.0
2 0.28627653024339306
-38 0.0
-5 0.0
-14 0.0
-9 0.0
3 0.0
-2 0.0
7 0.0
-31 0.0
-27 0.0
5 0.28627653024339306
-33 0.0
-33 0.0
-27 0.0
-31 0.28627653024339306
-24 0.0
-31 0.0
-15 0.0
-12 0.0
-7 0.0
0 0.0
9 0.0
5 0.0
-3 0.0
-12 0.0
-7 0.0
-33 0.0
-27 0.0
-12 0.0
0 0.28627653024339306
-12 0.0
-7 0.0
-27 0.0
-7 0.14313826512169653
9 0.0
0 0.0
2 0.14313826512169653
-19 0.0
-31 0.0
-27 0.0
0 0.28627653024339306
-36 0.0
-19 0.0
-7 0.0
0 0.0
7 0.0
-33 0.0
-31 0.0
-27 0.0
-31 0.28627653024339306
7 0.0
0 0.0
-33 0.0
-27 0.0
-31 0.28627653024339306
-19 0.0
-33 0.0
-27 0.0
9 0.14313826512169653
0 0.0
-7 0.14313826512169653
-31 0.0
-27 0.0
-36 0.28627653024339306
-7 0.0
5 0.0
0 0.0
-33 0.0
-27 0.0
-31 0.28627653024339306
-24 0.0
-31 0.0
-15 0.0
-12 0.0
-7 0.0
-33 0.0
-27 0.0
-12 0.28627653024339306
-7 0.0
-27 0.0
-7 0.14313826512169653
-19 0.14313826512169653
-31 0.0
-27 0.0
-36 0.28627653024339306
-19 0.0
-7 0.0
0 0.0
3 0.0
-33 0.0
-31 0.0
-27 0.0
-31 0.28627653024339306
3 0.0
0 0.0
-33 0.0
-27 0.0
-31 0.28627653024339306
-19 0.0
3 0.0
0 0.0
-33 0.0
-27 0.0
-36 0.28627653024339306
-7 0.0
0 0.0
5 0.0
-31 0.0
-27 0.0
-31 0.28627653024339306
-7 0.0
-33 0.0
-27 0.0
-38 0.28627653024339306
-19 0.0
-14 0.0
-10 0.0
-31 0.0
2 0.0
-7 0.0
-2 0.0
-7 0.0
-10 0.0
-33 0.0
-27 0.0
-27 0.28627653024339306
-7 0.14313826512169653
-10 0.0
-14 0.0
0 0.0
-7 0.0
-19 0.14313826512169653
-14 0.0
-10 0.0
-7 0.0
-31 0.0
-27 0.0
-38 0.28627653024339306
-14 0.0
-10 0.0
-7 0.0
-2 0.0
-7 0.0
-33 0.0
-31 0.0
-27 0.0
-26 0.28627653024339306
-2 0.0
-7 0.0
-33 0.0
-27 0.0
-19 0.28627653024339306
-14 0.0
-27 0.0
-14 0.28627653024339306
-10 0.0
-7 0.0
-31 0.0
-27 0.0
-10 0.28627653024339306
-14 0.0
-27 0.0
-38 0.28627653024339306
-14 0.0
-2 0.0
2 0.0
5 0.0
10 0.0
-33 0.0
-12 0.0
-10 0.033398928528395856
-7 0.09542551008113102
-2 0.07156913256084826
